unit,x_star,y_star,z_final,u_worst,u_L,u_T,mu_hat,p_i,g_idx
ALHAMBRA 1102,0,0,0,0.0,0.0,12.023807996789897,0.1635752966400417,6257.0,2
ALHAMBRA 1105,0,0,0,0.0,0.0,13.634197363274398,0.2095731175025462,2740.5,2
ALLEGHANY 1101,0,0,0,0.0,0.0,16.31745416650934,0.2984041185403162,1618.0,1
ALLEGHANY 1102,0,0,0,0.0,0.0,15.988568113168,0.2867039831017419,1068.5,1
ALTO 1120,1,0,0,7.1697716783561365,0.0,10.869411945490626,0.1340192451613258,15676.0,0
ALTO 1122,0,0,0,0.0,0.0,10.869411945490633,0.1340192451613259,2899.5,0
ALTO 1123,0,0,0,0.0,0.0,10.869411945490633,0.1340192451613259,2795.0,0
ALTO 1124,0,0,0,11.00591040752012,0.0,11.00591040752012,0.1373643997419741,10515.0,0
ALTO 1125,0,0,0,0.0,0.0,11.00591040752012,0.1373643997419741,5408.5,0
ANDERSON 1101,1,0,0,0.0,0.0,17.676016990605287,0.3491185739346266,5357.0,1
ANDERSON 1103,0,0,0,0.0,0.0,17.676016990605287,0.3491185739346266,1315.5,1
ANITA 1106,0,0,0,0.0,0.0,17.676922559859456,0.3491536536908292,767.875,1
ANNAPOLIS 1101,0,0,0,0.0,0.0,16.090061664039567,0.2902905430808851,727.0,0
ANTELOPE 1101,0,0,0,0.0,0.0,19.974984627061897,0.4436056904362941,164.77272727272728,4
ANTLER 1101,1,0,0,0.0,0.0,18.053282659994306,0.363879554161481,4890.0,1
APPLE HILL 1103,0,0,0,0.0,0.0,15.729609293959069,0.2776504501404829,4209.5,1
APPLE HILL 1104,0,0,0,0.0,0.0,15.729609293959069,0.2776504501404829,1701.5,1
APPLE HILL 2102,0,0,0,0.0,0.0,16.05055104600532,0.2888917678832438,2137.0,1
ARCATA 1121,1,0,0,0.0,0.0,18.339458626973848,0.3752722082662825,5859.5,0
ARCATA 1122,1,0,0,0.0,0.0,18.339458626973848,0.3752722082662825,2574.5,0
ARLINGTON 0401,0,0,0,0.0,0.0,11.495593879994871,0.1496956108818659,5336.0,2
ARVIN 1101,0,0,0,0.0,0.0,18.11530566019249,0.3663343729028423,500.42857142857144,4
ATASCADERO 1101,1,0,0,0.0,0.0,14.70694987856428,0.2432701861441749,11520.0,3
ATASCADERO 1102,0,0,0,0.0,0.0,13.992091363184322,0.2205447526091054,6462.0,3
ATASCADERO 1103,0,0,0,0.0,0.0,14.55092977230984,0.2382183044421203,6120.0,3
AUBERRY 1101,0,0,0,0.0,0.0,15.828705950926585,0.2810984389086185,1059.5,4
AUBERRY 1102,0,0,0,0.0,0.0,15.160618440230866,0.2582508961592173,1059.5,4
AUBURN 1101,0,0,0,0.0,0.0,15.846028757174103,0.2817032805625278,4632.0,1
AUBURN 1102,0,0,0,0.0,0.0,15.846028757174103,0.2817032805625278,1546.3333333333333,1
BALCH NO 1 1101,0,0,0,0.0,0.0,14.966279347582738,0.251780587112129,580.0,4
BANCROFT 0401,1,0,0,0.5654721156311516,0.0,12.146932106231798,0.1668966065400982,10746.0,2
BANCROFT 0402,0,0,0,0.0,0.0,12.146932106231798,0.1668966065400982,4121.0,2
BANGOR 1101,0,0,0,0.0,0.0,16.16828808996693,0.2930695656602289,1062.3333333333333,1
BASALT 1106,0,0,0,0.0,0.0,12.625714897564851,0.180120273870399,905.5,0
BAY MEADOWS 1105,0,0,0,0.0,0.0,12.54012511963733,0.1777203718296654,2459.5,2
BAY MEADOWS 2102,0,0,0,0.0,0.0,12.54012511963733,0.1777203718296654,1854.3333333333333,2
BAYWOOD 1101,0,0,0,0.0,0.0,14.291782597999305,0.2299406326958248,1230.0,3
BEAR VALLEY 2101,1,0,0,0.0,0.0,15.59435245809817,0.2729774554854866,5038.5,4
BEAR VALLEY 2105,0,0,0,0.0,0.0,14.658580354594934,0.2416985108781029,1603.0,4
BELL 1107,1,0,0,0.0,0.0,16.20337731358487,0.2943202708546338,8348.0,1
BELL 1108,0,0,0,0.0,0.0,15.711220974359934,0.2770129026239901,4663.0,1
BELL 1109,0,0,0,0.0,0.0,15.846028757174103,0.2817032805625278,3026.0,1
BELL 1110,0,0,0,0.0,0.0,15.846028757174103,0.2817032805625278,2955.5,1
BELLEVUE 1102,0,0,0,0.0,0.0,13.174942980929783,0.1958922070110017,3311.0,0
BELLEVUE 2101,0,0,0,0.0,0.0,14.252057704517997,0.2286842710575535,725.5,0
BELMONT 1103,0,0,0,0.0,0.0,14.470661088813731,0.2356392185843656,8404.0,2
BELMONT 1110,0,0,0,0.0,0.0,12.4347142868474,0.1747862005450409,2556.6666666666665,2
BEN LOMOND 0401,0,0,0,0.0,0.0,17.217825872116258,0.3315867486782396,2509.5,3
BEN LOMOND 1101,0,0,0,0.0,0.0,17.217825872116258,0.3315867486782396,2705.5,3
BERESFORD 0402,0,0,0,0.0,0.0,12.54012511963733,0.1777203718296654,7115.333333333333,2
BERESFORD 0403,0,0,0,0.0,0.0,12.54012511963733,0.1777203718296654,1856.5,2
BERKELEY F 0402,0,0,0,0.0,0.0,11.495593879994871,0.1496956108818659,5065.0,2
BERKELEY F 1103,1,0,0,0.0,0.0,11.26975766175292,0.1439444178934331,9660.333333333334,2
BERKELEY F 1105,0,0,0,0.0,0.0,11.495593879994871,0.1496956108818659,3386.0,2
BIG BASIN 1101,0,0,0,0.0,0.0,17.217825872116258,0.3315867486782396,2705.5,3
BIG BASIN 1102,1,0,0,0.0,0.0,18.322611331093903,0.3745968482747748,6007.0,3
BIG BEND 1101,0,0,0,0.0,0.0,17.036246012404195,0.3247592105595428,1418.0,1
BIG BEND 1102,0,0,0,0.0,0.0,16.779095678202196,0.3152071990078412,888.75,1
BIG MEADOWS 2101,1,0,0,0.0,0.0,15.942824450847873,0.2850945344630903,10046.666666666666,1
BIG RIVER 1101,1,0,0,0.0,0.0,18.09559066742906,0.3655532106330356,2443.0,0
BOGARD 1101,1,0,0,0.0,0.0,15.420167268264263,0.2670159572545595,9832.0,1
BOLINAS 1101,0,0,0,0.0,0.0,12.342548816486095,0.1722401837559592,2111.0,0
BONNIE NOOK 1101,0,0,0,0.0,0.0,16.042838798255087,0.2886191150534097,566.6,1
BONNIE NOOK 1102,0,0,0,0.0,0.0,16.042838798255087,0.2886191150534097,566.6,1
BRENTWOOD 2105,0,0,0,0.0,0.0,13.974611989410372,0.2200026030608158,1293.0,2
BRENTWOOD 2111,1,0,0,1.6842971578641412,0.0,14.693609832844537,0.242836234722468,11610.5,2
BRIDGEVILLE 1101,0,0,0,0.0,0.0,17.683473909557666,0.3494074889921884,1358.0,0
BRIDGEVILLE 1102,0,0,0,0.0,0.0,17.875172815109345,0.3568741955928834,1358.0,0
BROWNS VALLEY 1101,0,0,0,0.0,0.0,16.53152866222186,0.3061409753874914,1967.5,1
BRUNSWICK 1102,0,0,0,15.70795804598342,0.0,15.70795804598342,0.2768998464565133,7581.0,1
BRUNSWICK 1103,0,0,0,0.0,0.0,15.384296028509448,0.2657961570865212,2644.5,1
BRUNSWICK 1104,0,0,0,15.384296028509448,0.0,15.384296028509448,0.2657961570865212,6700.0,1
BRUNSWICK 1105,0,0,0,0.0,0.0,15.70795804598342,0.2768998464565133,2644.5,1
BRUNSWICK 1106,0,0,0,0.0,0.0,15.621351922976457,0.2739072022885732,4079.0,1
BRUNSWICK 1107,0,0,0,15.384296028509448,0.0,15.384296028509448,0.2657961570865212,7037.0,1
BRUNSWICK 1110,0,0,0,15.384296028509448,0.0,15.384296028509448,0.2657961570865212,6373.0,1
BUCKS CREEK 1103,0,0,0,0.0,0.0,17.578262296411154,0.3453417365018092,854.6666666666666,1
BUELLTON 1101,1,0,0,0.0,0.0,18.421520493994468,0.3785701810304848,6937.5,3
BUELLTON 1102,1,0,0,0.0,0.0,18.421520493994468,0.3785701810304848,3914.0,3
BURNEY 1101,0,0,0,0.0,0.0,14.936352929456302,0.2507912721617522,1384.6666666666667,1
BURNEY 1102,0,0,0,0.0,0.0,14.936352929456302,0.2507912721617522,1384.6666666666667,1
BURNS 2101,1,0,0,0.0,0.0,17.217825872116258,0.3315867486782396,5661.5,3
BUTTE 1105,0,0,0,0.0,0.0,17.795793499872694,0.353773154364538,1246.6666666666667,1
CABRILLO 1103,0,0,0,0.0,0.0,15.920086522171248,0.2842961477978594,2496.0,3
CABRILLO 1104,1,0,0,8.31525264559272,0.0,16.007922109686337,0.2873862513608943,46690.5,3
CAL WATER 1102,1,0,0,0.0,0.0,19.03765707176171,0.4037737131705554,6749.0,4
CALAVERAS CEMENT 1101,1,0,0,0.0,0.0,16.39605351791406,0.3012336855997029,2172.0,4
CALISTOGA 1101,0,0,0,0.0,0.0,14.2054385708009,0.227214119609053,569.0,0
CALISTOGA 1102,0,0,0,0.0,0.0,13.377622725787498,0.2018746836120796,5797.0,0
CALPELLA 1101,0,0,0,0.0,0.0,15.997104738223662,0.2870048203027012,3009.0,0
CALPELLA 1102,1,0,0,0.0,0.0,16.443854612005545,0.3029608122920628,4236.0,0
CAMP EVERS 2103,1,0,0,3.8829223950004863,0.0,14.293315274273496,0.2299891727424387,17638.0,3
CAMP EVERS 2104,1,0,0,0.0,0.0,15.952464388275514,0.2854333432860648,5231.0,3
CAMP EVERS 2105,0,0,0,0.0,0.0,15.952464388275514,0.2854333432860648,4735.0,3
CAMP EVERS 2106,0,0,0,0.0,0.0,15.952464388275514,0.2854333432860648,3450.0,3
CAMPHORA 1101,0,0,0,0.0,0.0,17.846190796960656,0.3557404737378214,1716.0,3
CARLOTTA 1121,0,0,0,0.0,0.0,18.734194580183015,0.3912630070445833,1358.0,0
CAROLANDS 0401,0,0,0,0.0,0.0,12.54012511963733,0.1777203718296654,1944.0,2
CAROLANDS 0404,0,0,0,0.0,0.0,12.54012511963733,0.1777203718296654,1854.3333333333333,2
CASTRO VALLEY 1102,0,0,0,0.0,0.0,13.737187859378572,0.2127025941210747,8877.0,2
CASTRO VALLEY 1105,0,0,0,12.146932106231798,0.0,12.146932106231798,0.1668966065400982,10696.5,2
CASTRO VALLEY 1108,0,0,0,13.737187859378572,0.0,13.737187859378572,0.2127025941210747,13970.0,2
CASTRO VALLEY 1110,0,0,0,0.0,0.0,13.737187859378572,0.2127025941210747,3863.0,2
CASTRO VALLEY 1111,0,0,0,0.0,0.0,13.737187859378572,0.2127025941210747,3863.0,2
CAYETANO 2109,0,0,0,0.0,0.0,13.440987067749107,0.2037629139079177,2890.5,2
CAYETANO 2111,0,0,0,0.0,0.0,13.440987067749107,0.2037629139079177,2890.5,2
CAYUCOS 1101,0,0,0,0.0,0.0,14.29895527844597,0.2301678350827204,528.8,3
CAYUCOS 1102,0,0,0,0.0,0.0,13.68878827989723,0.211229120188794,3033.8,3
CEDAR CREEK 1101,0,0,0,0.0,0.0,15.820935057102178,0.2808273148644643,1115.3333333333333,1
CHALLENGE 1101,0,0,0,0.0,0.0,16.251506788130946,0.2960399536627141,888.75,1
CHALLENGE 1102,0,0,0,0.0,0.0,16.054496662259645,0.2890313061558083,1062.3333333333333,1
CHESTER 1101,0,0,0,0.0,0.0,15.536011688252993,0.2709736601316141,1100.0,1
CHESTER 1102,0,0,0,0.0,0.0,15.536011688252993,0.2709736601316141,1100.0,1
CHOLAME 1101,0,0,0,0.0,0.0,18.264304380854117,0.3722639968901441,1620.5,3
CHOLAME 2102,1,0,0,0.0,0.0,16.804960345185414,0.3161617473478479,3949.0,3
CLARK ROAD 1101,0,0,0,0.0,0.0,17.05657693718156,0.3255202697578397,899.5,1
CLARK ROAD 1102,0,0,0,0.0,0.0,17.12856680724532,0.3282219995199443,1851.0,1
CLARKSVILLE 2103,1,0,0,7.299635454868133,0.0,15.801901737275353,0.280163781651948,28833.0,1
CLARKSVILLE 2104,1,0,0,0.0,0.0,15.801901737275353,0.280163781651948,7238.5,1
CLARKSVILLE 2105,1,0,0,0.0,0.0,15.801901737275353,0.280163781651948,15415.0,1
CLARKSVILLE 2106,1,0,0,5.587536224399626,0.0,15.801901737275353,0.280163781651948,12843.0,1
CLARKSVILLE 2109,0,0,0,15.801901737275353,0.0,15.801901737275353,0.280163781651948,8350.5,1
CLAY 1101,1,0,0,0.0,0.0,15.877295800024688,0.2827965859094257,2863.0,4
CLAY 1102,1,0,0,0.0,0.0,15.878548845886538,0.2828404433751786,6321.0,4
CLAY 1103,1,0,0,0.0,0.0,15.878548845886538,0.2828404433751786,2148.5,4
CLAYTON 2212,0,0,0,0.0,0.0,14.183185143678578,0.2265139687202188,5000.0,2
CLAYTON 2213,0,0,0,0.0,0.0,14.183185143678578,0.2265139687202188,7995.0,2
CLAYTON 2215,0,0,0,0.0,0.0,13.26839120255108,0.1986396584880983,3464.0,2
CLAYTON 2217,0,0,0,0.0,0.0,13.26839120255108,0.1986396584880983,8747.0,2
CLEAR LAKE 1101,0,0,0,0.0,0.0,15.683962321591396,0.2760691105396067,6102.0,0
CLEAR LAKE 1102,0,0,0,0.0,0.0,15.683962321591396,0.2760691105396067,4123.333333333333,0
CLOVERDALE 1101,0,0,0,0.0,0.0,15.653167367215588,0.2750047496028023,6306.0,0
CLOVERDALE 1102,0,0,0,0.0,0.0,15.731382330019322,0.2777119610531596,4088.0,0
COARSEGOLD 2102,1,0,0,0.0,0.0,15.230260367022897,0.260588854858123,4398.5,4
COARSEGOLD 2103,1,0,0,14.759359172614268,0.0,14.759359172614268,0.2449786876069376,7327.5,4
COARSEGOLD 2104,1,0,0,14.759359172614268,0.0,14.759359172614268,0.2449786876069376,4536.5,4
COLUMBIA HILL 1101,0,0,0,0.0,0.0,15.830442419018476,0.2811590409925305,1068.5,1
CONTRA COSTA 2115,1,0,0,0.0,0.0,14.693609832844537,0.242836234722468,10095.0,2
COPPERMINE 1104,1,0,0,0.0,0.0,16.802910914432296,0.3160860613903453,2703.0,4
CORDELIA 1112,0,0,0,0.0,0.0,12.756723608091878,0.1838239917685919,6109.0,1
CORNING 1101,0,0,0,0.0,0.0,19.487940753799357,0.4226847497225267,1560.6666666666667,1
CORNING 1102,0,0,0,0.0,0.0,19.487940753799357,0.4226847497225267,1560.6666666666667,1
CORONA 1103,0,0,0,0.0,0.0,13.626399959605674,0.2093371008886297,6534.5,0
CORRAL 1101,1,0,0,0.0,0.0,16.147869521743836,0.2923429571095656,2198.5,4
CORRAL 1102,1,0,0,0.0,0.0,16.147869521743836,0.2923429571095656,2198.5,4
CORRAL 1103,1,0,0,0.0,0.0,16.350530106583125,0.2995932797353226,5849.0,4
CORTINA 1101,0,0,0,0.0,0.0,18.527261609766636,0.3828402083806048,2204.0,1
COTATI 1102,1,0,0,0.0,0.0,12.597211550285175,0.1793193144098576,8055.0,0
COTATI 1103,0,0,0,0.0,0.0,13.547972557049285,0.2069703843825971,1607.5,0
COTATI 1104,0,0,0,12.597211550285175,0.0,12.597211550285175,0.1793193144098576,13255.0,0
COTATI 1105,0,0,0,0.0,0.0,13.547972557049285,0.2069703843825971,4505.0,0
COTTONWOOD 1101,0,0,0,0.0,0.0,17.960188464354125,0.3602098437438828,2179.0,1
COTTONWOOD 1102,1,0,0,0.0,0.0,17.855631022574627,0.3561095672245616,4009.0,1
COTTONWOOD 1103,0,0,0,0.0,0.0,17.960188464354125,0.3602098437438828,2179.0,1
COVELO 1101,0,0,0,0.0,0.0,16.633040520765448,0.3098430544652296,3100.0,0
CURTIS 1701,1,0,0,0.0,0.0,14.780813683534332,0.2456797558945157,2472.0,4
CURTIS 1702,1,0,0,14.780813683534332,0.0,14.780813683534332,0.2456797558945157,8202.0,4
CURTIS 1703,1,0,0,1.4127697371992622,0.0,14.552046327785572,0.2382542759082311,9736.0,4
CURTIS 1704,1,0,0,0.0,0.0,15.247044378511848,0.2611538356272093,1496.0,4
CURTIS 1705,0,0,0,0.0,0.0,14.780813683534332,0.2456797558945157,1541.0,4
CUYAMA 1103,0,0,0,0.0,0.0,20.63318012317268,0.4726453528121213,268.5,4
CUYAMA 2101,1,0,0,0.0,0.0,24.727690972205497,0.6728764395481581,5129.0,4
DEL MAR 2106,0,0,0,0.0,0.0,16.11634442186465,0.2912228233698059,1699.6666666666667,1
DEL MAR 2109,0,0,0,0.0,0.0,16.413383044971994,0.3018592780508104,3016.666666666667,1
DEL MAR 2110,1,0,0,0.0,0.0,16.325202607193287,0.2986824895175052,11013.0,1
DEL MONTE 2101,1,0,0,0.0,0.0,13.422164616962291,0.2032011225985541,7952.0,3
DEL MONTE 2102,1,0,0,7.5091102817232285,0.0,14.191561389838308,0.2267773844726798,17859.0,3
DEL MONTE 2103,1,0,0,0.0,0.0,14.191561389838308,0.2267773844726798,7738.0,3
DEL MONTE 2104,0,0,0,0.0,0.0,13.422164616962291,0.2032011225985541,4163.0,3
DEL MONTE 2105,0,0,0,0.0,0.0,14.191561389838308,0.2267773844726798,1740.0,3
DESCHUTES 1101,0,0,0,0.0,0.0,17.076248559515093,0.3262574649709499,992.5,1
DESCHUTES 1104,0,0,0,0.0,0.0,17.69871080685265,0.3499981930382247,2455.0,1
DIAMOND SPRINGS 1103,0,0,0,0.0,0.0,15.684473188955735,0.2760867842990335,2414.5,1
DIAMOND SPRINGS 1104,0,0,0,0.0,0.0,15.640031384661588,0.2745513366985055,6144.0,1
DIAMOND SPRINGS 1105,0,0,0,0.0,0.0,15.640031384661588,0.2745513366985055,4077.0,1
DIAMOND SPRINGS 1106,0,0,0,0.0,0.0,15.640031384661588,0.2745513366985055,5481.0,1
DIAMOND SPRINGS 1107,0,0,0,0.0,0.0,15.863661539416247,0.2823195895401679,2414.5,1
DIVIDE 1103,0,0,0,0.0,0.0,14.153289349963789,0.2255750163524807,494.0,3
DOBBINS 1101,0,0,0,0.0,0.0,15.879980616740015,0.2828905603553556,1506.0,1
DOLAN ROAD 1101,1,0,0,0.0,0.0,11.79919211085553,0.1575999437393208,7870.5,3
DRUM 1101,0,0,0,0.0,0.0,16.391229402163695,0.3010596472906772,566.6,1
DUNBAR 1101,0,0,0,0.0,0.0,14.001137706550578,0.2208255926691466,5482.0,0
DUNBAR 1102,0,0,0,0.0,0.0,13.456926263791916,0.2042392373719348,1228.5,0
DUNBAR 1103,0,0,0,0.0,0.0,14.252057704517997,0.2286842710575535,4440.5,0
DUNLAP 1102,0,0,0,0.0,0.0,16.627942187711465,0.3096566099210104,847.3333333333334,4
DUNLAP 1103,0,0,0,0.0,0.0,15.771645225315678,0.2791105485215894,1323.0,4
DUNNIGAN 1103,0,0,0,0.0,0.0,18.108463547339632,0.3660631788382711,898.1666666666666,1
EAST QUINCY 1101,1,0,0,3.043842346497004,0.0,16.18701865453997,0.2937368702956983,9362.5,1
ECHO SUMMIT 1101,1,0,0,15.214916642183129,0.0,15.214916642183129,0.2600728741042454,31174.0,1
EDENVALE 1102,0,0,0,0.0,0.0,18.40447372116745,0.3778839511669999,1162.3333333333333,3
EDENVALE 1103,1,0,0,0.0,0.0,18.40447372116745,0.3778839511669999,10746.0,3
EDENVALE 2105,1,0,0,0.0,0.0,18.40447372116745,0.3778839511669999,4234.0,3
EDENVALE 2113,1,0,0,0.0,0.0,18.40447372116745,0.3778839511669999,6245.0,3
EDES 1112,0,0,0,0.0,0.0,13.365738066079246,0.2015214756618519,6766.0,2
EEL RIVER 1102,0,0,0,0.0,0.0,19.20337554046177,0.410685344462549,1091.6666666666667,0
EEL RIVER 1103,0,0,0,0.0,0.0,19.854908855223123,0.4384029374374467,1091.6666666666667,0
EL CERRITO G 1105,0,0,0,0.0,0.0,11.495593879994871,0.1496956108818659,4640.0,2
EL CERRITO G 1108,0,0,0,0.0,0.0,11.495593879994871,0.1496956108818659,3945.0,2
EL CERRITO G 1110,0,0,0,0.0,0.0,11.495593879994871,0.1496956108818659,5830.0,2
EL CERRITO G 1111,0,0,0,0.0,0.0,11.11137671435692,0.1399765884292803,7261.0,2
EL CERRITO G 1112,0,0,0,0.0,0.0,11.11137671435692,0.1399765884292803,5051.0,2
EL CERRITO G 1113,0,0,0,0.0,0.0,11.495593879994871,0.1496956108818659,5670.0,2
EL DORADO PH 2101,1,0,0,6.336864769859862,0.0,16.327032760553912,0.2987482579906868,7921.0,1
EL DORADO PH 2102,1,0,0,0.0,0.0,16.327032760553912,0.2987482579906868,7299.0,1
ELECTRA 1101,1,0,0,0.0,0.0,15.749153821487868,0.2783288604046606,1615.5,4
ELECTRA 1102,1,0,0,0.0,0.0,16.42972946767127,0.3024499538851146,1615.5,4
ELK 1101,0,0,0,0.0,0.0,17.32852777180665,0.3357827473947533,2027.0,0
ELK CREEK 1101,0,0,0,0.0,0.0,20.32723733532927,0.4590376715248263,734.0,1
EMERALD LAKE 0401,0,0,0,0.0,0.0,14.470661088813731,0.2356392185843656,2231.0,2
EMERALD LAKE 0402,0,0,0,0.0,0.0,14.470661088813731,0.2356392185843656,2231.0,2
ESTUDILLO 0401,0,0,0,0.0,0.0,12.146932106231798,0.1668966065400982,2660.0,2
EUREKA E 1104,1,0,0,0.0,0.0,18.66665668114439,0.3885043460995194,9620.0,0
FAIRMOUNT 0401,0,0,0,0.0,0.0,11.495593879994871,0.1496956108818659,4294.0,2
FAIRVIEW 2207,0,0,0,0.0,0.0,12.023807996789872,0.1635752966400412,5047.0,2
FITCH MOUNTAIN 1111,1,0,0,0.0,0.0,13.762229425918427,0.213466907056236,7526.0,0
FITCH MOUNTAIN 1113,1,0,0,0.0,0.0,15.19752714021352,0.2594886950916922,9141.5,0
FLINT 1101,0,0,0,15.846028757174103,0.0,15.846028757174103,0.2817032805625278,9404.0,1
FLORENCE 0401,0,0,0,0.0,0.0,11.26975766175292,0.1439444178934331,1213.6666666666667,2
FOOTHILL 1101,0,0,0,0.0,0.0,14.291782597999305,0.2299406326958248,528.8,3
FOOTHILL 1102,0,0,0,14.360285433318856,0.0,14.360285433318856,0.2321149690781912,7850.0,3
FORESTHILL 1101,0,0,0,0.0,0.0,15.7999730243434,0.2800965857765601,4028.5,1
FORESTHILL 1102,0,0,0,0.0,0.0,15.69234873713747,0.2763593126636524,3214.5,1
FORT BRAGG A 1101,0,0,0,0.0,0.0,16.828290476054267,0.31702394955382,0.0,0
FORT BRAGG A 1102,1,0,0,0.0,0.0,17.506042683989765,0.3425641557480577,2984.0,0
FORT BRAGG A 1103,1,0,0,0.0,0.0,17.506042683989765,0.3425641557480577,7689.0,0
FORT BRAGG A 1104,1,0,0,0.0,0.0,16.828290476054267,0.31702394955382,4233.0,0
FORT ORD 2106,0,0,0,13.422164616962291,0.0,13.422164616962291,0.2032011225985541,7186.0,3
FORT ORD 2107,1,0,0,0.0,0.0,12.189004244984345,0.1680389590087835,9136.0,3
FORT ROSS 1121,0,0,0,0.0,0.0,14.335914817560475,0.2313402903508539,1472.0,0
FORT SEWARD 1121,0,0,0,0.0,0.0,16.44873462873703,0.3031374024568164,637.0,0
FORT SEWARD 1122,0,0,0,0.0,0.0,16.44873462873703,0.3031374024568164,637.0,0
FRANKLIN 1101,0,0,0,11.94153394800809,0.0,11.94153394800809,0.1613740386438863,9979.0,2
FRANKLIN 1102,0,0,0,0.0,0.0,11.94153394800809,0.1613740386438863,6827.0,2
FRANKLIN 1104,1,0,0,0.0,0.0,11.94153394800809,0.1613740386438863,13661.5,2
FREMONT 1104,0,0,0,0.0,0.0,14.618326440501884,0.2403942944545382,8501.0,2
FRENCH GULCH 1101,1,0,0,1.2384289594295361,0.0,17.699231933434078,0.3500184045550564,7783.8,1
FRENCH GULCH 1102,0,0,0,0.0,0.0,17.699231933434078,0.3500184045550564,692.8,1
FROGTOWN 1701,1,0,0,0.0,0.0,15.897724497292351,0.2835120136844423,3839.0,4
FROGTOWN 1702,1,0,0,0.0,0.0,16.04675943706052,0.2887577067618585,6668.0,4
FRUITLAND 1141,0,0,0,0.0,0.0,19.89586157553923,0.4401740750983011,637.0,0
FRUITLAND 1142,0,0,0,0.0,0.0,18.00779349818878,0.3620841700848782,637.0,0
FULTON 1102,0,0,0,0.0,0.0,14.265733011240092,0.2291163977485995,1978.5,0
FULTON 1104,0,0,0,0.0,0.0,14.265733011240092,0.2291163977485995,6488.5,0
FULTON 1107,0,0,0,0.0,0.0,14.265733011240092,0.2291163977485995,5122.0,0
GABILAN 1101,0,0,0,0.0,0.0,14.128559920003513,0.2247997541704771,1321.3333333333333,3
GANSNER 1101,0,0,0,0.0,0.0,16.343926869992984,0.2993556950531337,3883.5,1
GARBERVILLE 1101,0,0,0,0.0,0.0,16.878075329127174,0.3188676084247825,637.0,0
GARBERVILLE 1102,0,0,0,0.0,0.0,17.779186013982965,0.3531260095113228,1638.0,0
GARBERVILLE 1103,0,0,0,0.0,0.0,17.060886154024633,0.3256816892661539,3111.0,0
GEYSERVILLE 1101,0,0,0,0.0,0.0,15.84342151385002,0.2816122061694724,1117.5,0
GEYSERVILLE 1102,0,0,0,0.0,0.0,15.19752714021352,0.2594886950916922,3399.0,0
GIRVAN 1101,0,0,0,0.0,0.0,18.31324335762009,0.3742215655702544,692.8,1
GIRVAN 1102,1,0,0,0.0,0.0,17.805610029589612,0.3541559433630867,54181.0,1
GLENN 1101,1,0,0,0.0,0.0,20.269104194855338,0.4564735151613715,2483.5,1
GOLDTREE 1105,0,0,0,14.360285433318856,0.0,14.360285433318856,0.2321149690781912,9101.0,3
GOLDTREE 1107,0,0,0,0.0,0.0,14.360285433318856,0.2321149690781912,5036.0,3
GOLDTREE 1108,1,0,0,0.0,0.0,14.360285433318856,0.2321149690781912,7778.0,3
GONZALES 1101,0,0,0,0.0,0.0,17.846190796960656,0.3557404737378214,1256.8,3
GONZALES 1104,0,0,0,0.0,0.0,17.8600866323786,0.3562838363203374,1256.8,3
GRASS VALLEY 1101,0,0,0,0.0,0.0,15.621351922976457,0.2739072022885732,3405.0,1
GRASS VALLEY 1102,0,0,0,0.0,0.0,15.384296028509448,0.2657961570865212,4718.0,1
GRASS VALLEY 1103,0,0,0,0.0,0.0,15.621351922976457,0.2739072022885732,2496.0,1
GRAYS FLAT 0401,0,0,0,0.0,0.0,16.343926869992984,0.2993556950531337,854.6666666666666,1
GREEN VALLEY 2101,0,0,0,0.0,0.0,13.495870606038473,0.2054053106682027,4919.5,3
GREENBRAE 1102,0,0,0,0.0,0.0,10.869411945490633,0.1340192451613259,3567.0,0
GREENBRAE 1103,0,0,0,10.869411945490633,0.0,10.869411945490633,0.1340192451613259,8821.0,0
GREENBRAE 1104,0,0,0,0.0,0.0,10.869411945490633,0.1340192451613259,2795.0,0
GUALALA 1111,0,0,0,0.0,0.0,17.547333249534894,0.3441508789483292,787.0,0
GUALALA 1112,0,0,0,0.0,0.0,18.16079438088599,0.3681398159938146,2218.0,0
HAAS 2101,0,0,0,0.0,0.0,15.077680960750412,0.2554798767734626,580.0,4
HALF MOON BAY 1101,0,0,0,0.0,0.0,13.753456424899166,0.2131989883061476,8460.0,2
HALF MOON BAY 1102,0,0,0,12.54012511963733,0.0,12.54012511963733,0.1777203718296654,12100.0,2
HALF MOON BAY 1103,1,0,0,0.0,0.0,16.910043828816832,0.3200541962921181,4299.0,2
HALSEY 1101,0,0,0,0.0,0.0,15.711220974359934,0.2770129026239901,4462.0,1
HALSEY 1102,0,0,0,0.0,0.0,15.711220974359934,0.2770129026239901,3026.0,1
HAMILTON BRANCH 1101,0,0,0,0.0,0.0,15.218272215934425,0.2601856735532823,1780.0,1
HARRIS 1108,1,0,0,0.0,0.0,18.66665668114439,0.3885043460995194,5496.0,0
HARRIS 1109,1,0,0,0.0,0.0,18.66665668114439,0.3885043460995194,6717.0,0
HARTLEY 1101,0,0,0,0.0,0.0,16.462297832102927,0.3036284661891196,1348.3333333333333,0
HARTLEY 1102,1,0,0,0.0,0.0,16.462297832102927,0.3036284661891196,4463.333333333333,0
HATTON 1101,0,0,0,0.0,0.0,16.50133126725845,0.3050438317572728,3620.5,3
HATTON 1102,0,0,0,0.0,0.0,16.391134462695003,0.3010562226717381,1021.5,3
HICKS 1115,1,0,0,0.0,0.0,19.10442751131892,0.4065517510377087,9469.0,3
HICKS 1116,1,0,0,0.0,0.0,19.10442751131892,0.4065517510377087,8031.0,3
HICKS 2101,1,0,0,0.0,0.0,19.10442751131892,0.4065517510377087,10408.0,3
HICKS 2103,1,0,0,0.0,0.0,19.10442751131892,0.4065517510377087,10978.0,3
HICKS 2105,1,0,0,0.0,0.0,19.10442751131892,0.4065517510377087,7276.0,3
HIGGINS 1103,0,0,0,0.0,0.0,15.60198883868033,0.2732402651827358,2807.0,1
HIGGINS 1104,0,0,0,15.621351922976457,0.0,15.621351922976457,0.2739072022885732,6977.0,1
HIGGINS 1107,0,0,0,0.0,0.0,15.711220974359934,0.2770129026239901,1933.0,1
HIGGINS 1109,0,0,0,0.0,0.0,15.978408735350444,0.286346157194703,2672.0,1
HIGGINS 1110,0,0,0,0.0,0.0,15.711220974359934,0.2770129026239901,6010.0,1
HIGHLANDS 1102,1,0,0,0.0,0.0,16.33204923274886,0.298928565946706,4757.0,0
HIGHLANDS 1103,0,0,0,0.0,0.0,15.918661656031237,0.2842461530799919,3414.0,0
HIGHLANDS 1104,1,0,0,0.0,0.0,15.918661656031237,0.2842461530799919,7627.0,0
HILLSDALE 0404,0,0,0,0.0,0.0,12.54012511963733,0.1777203718296654,2617.0,2
HOLLISTER 2102,0,0,0,0.0,0.0,13.455405281186971,0.2041937613763037,2710.5,3
HOLLISTER 2104,0,0,0,0.0,0.0,14.324633173248865,0.2309821006568838,2710.5,3
HOLLISTER 2105,0,0,0,0.0,0.0,17.114753526475955,0.3277027635579758,890.25,3
HOLLISTER 2106,0,0,0,0.0,0.0,14.324633173248865,0.2309821006568838,5581.25,3
HOLLYWOOD 0401,0,0,0,0.0,0.0,11.26975766175292,0.1439444178934331,7215.0,2
HONCUT 1102,0,0,0,0.0,0.0,17.42406848447898,0.3394244819807199,1198.0,1
HOOPA 1101,1,0,0,0.0,0.0,17.166988451945276,0.3296683347153371,4144.333333333333,0
HOPLAND 1101,0,0,0,0.0,0.0,16.535860771875015,0.3062985269619255,2053.0,0
HORSESHOE 1101,0,0,0,0.0,0.0,16.11634442186465,0.2912228233698059,1699.6666666666667,1
HORSESHOE 1104,1,0,0,0.0,0.0,16.11634442186465,0.2912228233698059,7257.0,1
HUMBOLDT BAY 1102,1,0,0,0.0,0.0,18.319032801521036,0.3744534704246011,2170.5,0
IGNACIO 1101,0,0,0,11.432617914560304,0.0,11.432617914560304,0.1480808142714946,10350.0,0
IGNACIO 1103,0,0,0,11.144203479710605,0.0,11.144203479710605,0.1407945370541865,6812.0,0
IGNACIO 1104,0,0,0,0.0,0.0,12.829531244397176,0.185898149054422,1483.0,0
IGNACIO 1105,0,0,0,11.432617914560304,0.0,11.432617914560304,0.1480808142714946,8458.0,0
INDIAN FLAT 1104,0,0,0,0.0,0.0,16.005565009331896,0.2873031168837457,944.0,4
IONE 1101,1,0,0,15.877295800024688,0.0,15.877295800024688,0.2827965859094257,9466.0,4
JAMESON 1102,0,0,0,0.0,0.0,12.756723608091878,0.1838239917685919,2633.5,1
JAMESON 1103,0,0,0,11.8679420715492,0.0,11.8679420715492,0.1594173733652279,7541.5,1
JAMESON 1105,0,0,0,0.0,0.0,12.756723608091878,0.1838239917685919,2482.0,1
JARVIS 1101,1,0,0,0.0,0.0,14.119964944188265,0.2245306063045106,15037.0,2
JARVIS 1108,0,0,0,0.0,0.0,14.119964944188265,0.2245306063045106,3409.0,2
JARVIS 1111,1,0,0,6.2011045852912146,0.0,14.119964944188265,0.2245306063045106,11781.0,2
JESSUP 1101,0,0,0,0.0,0.0,18.31324335762009,0.3742215655702544,2713.0,1
JESSUP 1102,0,0,0,0.0,0.0,17.855631022574627,0.3561095672245616,2713.0,1
JESSUP 1103,1,0,0,0.0,0.0,17.855631022574627,0.3561095672245616,7331.5,1
JOLON 1102,0,0,0,0.0,0.0,19.31851519994253,0.4155205611264064,444.7142857142857,3
JOLON 1103,0,0,0,0.0,0.0,20.52152258450253,0.4676570580342966,444.7142857142857,3
KANAKA 1101,0,0,0,0.0,0.0,16.054496662259645,0.2890313061558083,888.75,1
KERCKHOFF 1101,0,0,0,0.0,0.0,15.76738006395457,0.2789622316604826,680.1666666666666,4
KERN OIL 1106,0,0,0,0.0,0.0,19.03765707176171,0.4037737131705554,681.5,4
KESWICK 1101,1,0,0,0.0,0.0,18.261915790289333,0.372168578941239,5329.8,1
KING CITY 1103,1,0,0,0.0,0.0,18.790125024349376,0.3935546331490793,1858.0,3
KIRKER 2104,1,0,0,0.0,0.0,13.708616034348772,0.2118321547367994,14948.0,2
KONOCTI 1102,0,0,0,0.0,0.0,16.076615193376472,0.2898141384422345,1763.0,0
KONOCTI 1108,0,0,0,15.634269005164962,0.0,15.634269005164962,0.2743525514107197,6716.0,0
LAKEVILLE 1102,0,0,0,0.0,0.0,13.626399959605674,0.2093371008886297,1483.0,0
LAKEWOOD 1102,0,0,0,0.0,0.0,13.634197363274405,0.2095731175025464,3644.0,2
LAKEWOOD 2107,0,0,0,0.0,0.0,13.634197363274405,0.2095731175025464,3508.0,2
LAKEWOOD 2109,0,0,0,0.0,0.0,13.26839120255108,0.1986396584880983,2320.0,2
LAKEWOOD 2110,0,0,0,0.0,0.0,13.26839120255108,0.1986396584880983,3555.0,2
LAKEWOOD 2224,0,0,0,0.0,0.0,13.26839120255108,0.1986396584880983,4045.0,2
LAKEWOOD 2227,0,0,0,10.98161664921982,0.0,13.26839120255108,0.1986396584880983,9044.0,2
LAMONT 1104,0,0,0,0.0,0.0,16.691064560482243,0.3119687848374832,500.42857142857144,4
LAS GALLINAS A 1104,1,0,0,0.0,0.0,11.432617914560304,0.1480808142714946,11035.0,0
LAS GALLINAS A 1105,0,0,0,0.0,0.0,11.432617914560304,0.1480808142714946,3153.0,0
LAS GALLINAS A 1106,0,0,0,0.0,0.0,11.144203479710605,0.1407945370541865,3153.0,0
LAS GALLINAS A 1107,0,0,0,0.0,0.0,11.144203479710605,0.1407945370541865,5058.0,0
LAS POSITAS 2108,0,0,0,0.0,0.0,13.440987067749107,0.2037629139079177,4695.0,2
LAS PULGAS 0401,0,0,0,0.0,0.0,14.470661088813731,0.2356392185843656,4733.0,2
LAURELES 1111,1,0,0,0.0,0.0,18.170646704053215,0.3685314152467749,2558.0,3
LAURELES 1112,0,0,0,0.0,0.0,16.50133126725845,0.3050438317572728,3631.0,3
LAYTONVILLE 1101,0,0,0,0.0,0.0,16.290933364217306,0.2974522775653517,2133.5,0
LAYTONVILLE 1102,0,0,0,0.0,0.0,16.120982062040397,0.291387475538082,2133.5,0
LINCOLN 1101,1,0,0,0.0,0.0,16.413383044971994,0.3018592780508104,6340.0,1
LINCOLN 1104,0,0,0,0.0,0.0,16.413383044971994,0.3018592780508104,3129.0,1
LINCOLN 2109,0,0,0,16.413383044971994,0.0,16.413383044971994,0.3018592780508104,6357.0,1
LIVERMORE 1104,0,0,0,0.0,0.0,13.440987067749107,0.2037629139079177,6435.0,2
LLAGAS 2101,0,0,0,0.0,0.0,14.278472543445815,0.2295193102238172,1177.0,3
LLAGAS 2103,0,0,0,13.841058929601449,0.0,13.841058929601449,0.2158815974937743,7643.0,3
LLAGAS 2104,0,0,0,0.0,0.0,13.087161087077268,0.1933282705909671,3895.5,3
LLAGAS 2105,1,0,0,13.087161087077268,0.0,13.087161087077268,0.1933282705909671,19946.0,3
LLAGAS 2106,0,0,0,0.0,0.0,13.087161087077268,0.1933282705909671,1177.0,3
LLAGAS 2107,1,0,0,11.44944361477656,0.0,13.841058929601449,0.2158815974937743,13659.5,3
LOGAN CREEK 2102,0,0,0,0.0,0.0,20.55526463834938,0.4691618169150381,734.0,1
LONE TREE 2105,0,0,0,0.0,0.0,14.693609832844537,0.242836234722468,4700.0,2
LOS COCHES 1101,0,0,0,0.0,0.0,18.44766489728624,0.3796238031769783,1418.0,3
LOS GATOS 1101,1,0,0,0.0,0.0,19.336447646499145,0.4162760622487171,3012.0,3
LOS GATOS 1102,1,0,0,0.0,0.0,19.336447646499145,0.4162760622487171,2077.0,3
LOS GATOS 1106,1,0,0,0.0,0.0,19.336447646499145,0.4162760622487171,2092.5,3
LOS GATOS 1107,1,0,0,0.0,0.0,15.761722388448804,0.2787655501751225,5671.5,3
LOS GATOS 1108,1,0,0,0.0,0.0,19.336447646499145,0.4162760622487171,4870.0,3
LOS MOLINOS 1101,0,0,0,0.0,0.0,17.771309260300466,0.3528192746648293,1167.5,1
LOS OSITOS 2102,0,0,0,0.0,0.0,18.020828735469127,0.3625982139666927,823.4,3
LOS OSITOS 2103,1,0,0,0.0,0.0,20.43440120498115,0.4637824784244976,9216.0,3
LOW GAP 1101,1,0,0,0.0,0.0,17.72030896851413,0.3508363321982476,7007.0,0
LOYOLA 1102,1,0,0,0.0,0.0,17.42345382678808,0.3394009926369153,4702.0,3
LUCERNE 1103,0,0,0,0.0,0.0,15.127165861151257,0.2571314755441321,4543.0,0
LUCERNE 1106,0,0,0,0.0,0.0,15.634269005164962,0.2743525514107197,3416.0,0
MADISON 1105,0,0,0,0.0,0.0,16.926257247831366,0.3206568073149389,1903.0,1
MADISON 2101,0,0,0,0.0,0.0,17.24994314172827,0.3328014944176402,1903.0,1
MAGUNDEN 1108,1,0,0,0.0,0.0,19.03765707176171,0.4037737131705554,1871.5,4
MAPLE CREEK 1101,1,0,0,0.0,0.0,19.515229742241168,0.4238441515438116,1713.6666666666667,0
MARIPOSA 2101,1,0,0,0.0,0.0,15.34358709905279,0.2644151197258788,6633.0,4
MARIPOSA 2102,0,0,0,0.0,0.0,14.811607886186014,0.2466877103229222,1309.5,4
MARTELL 1101,1,0,0,0.0,0.0,15.697950870984698,0.2765532499591941,1578.0,4
MARTELL 1102,1,0,0,6.622447673566956,0.0,15.697950870984698,0.2765532499591941,5146.0,4
MARTELL 1103,1,0,0,0.0,0.0,15.697950870984698,0.2765532499591941,2148.5,4
MAXWELL 1105,0,0,0,0.0,0.0,19.75183992834288,0.4339604978486582,567.5,1
MC ARTHUR 1101,0,0,0,0.0,0.0,15.334696433349537,0.2641139691321262,802.25,1
MC ARTHUR 1102,0,0,0,0.0,0.0,15.773842018644832,0.2791869547294519,802.25,1
MC KEE 1103,1,0,0,0.0,0.0,17.50122500159375,0.3423792504350225,15455.5,3
MC KEE 1107,1,0,0,0.0,0.0,17.50122500159375,0.3423792504350225,12669.5,3
MC KEE 1108,1,0,0,0.0,0.0,18.737326369864537,0.3913911555777943,10339.0,3
MC KEE 1111,1,0,0,0.0,0.0,17.50122500159375,0.3423792504350225,4896.0,3
MC KEE 1112,1,0,0,11.40192277370449,0.0,17.50122500159375,0.3423792504350225,23902.0,3
MEADOW LANE 2106,1,0,0,0.0,0.0,13.634197363274405,0.2095731175025464,12758.0,2
MENDOCINO 1101,0,0,0,0.0,0.0,15.997104738223662,0.2870048203027012,3009.0,0
MENLO 1102,1,0,0,0.0,0.0,16.652247776184225,0.3105459436101542,6846.0,2
MENLO 1103,0,0,0,0.0,0.0,16.652247776184225,0.3105459436101542,1479.5,2
MERCED FALLS 1102,1,0,0,0.0,0.0,16.314867932329353,0.2983112331757241,1603.0,4
MESA 1101,0,0,0,0.0,0.0,14.880552855327752,0.248951649255116,6564.0,3
MESA 1103,1,0,0,0.0,0.0,14.124438757098025,0.2246706822885058,13501.0,3
MIDDLETOWN 1101,0,0,0,0.0,0.0,15.44947681263077,0.2680146295665169,3592.5,0
MIDDLETOWN 1102,0,0,0,0.0,0.0,15.29778525911054,0.2628654620955495,3605.0,0
MIDDLETOWN 1103,0,0,0,0.0,0.0,15.028157919098156,0.2538321555350423,2056.5,0
MILPITAS 1105,0,0,0,0.0,0.0,15.745928034730838,0.2782168350347425,5059.0,3
MILPITAS 1108,0,0,0,0.0,0.0,15.745928034730838,0.2782168350347425,5350.0,3
MILPITAS 1109,0,0,0,0.0,0.0,15.745928034730838,0.2782168350347425,4869.0,3
MIRABEL 1101,0,0,0,0.0,0.0,13.461110565575252,0.2043643695312385,4142.0,0
MIRABEL 1102,0,0,0,0.0,0.0,13.762229425918427,0.213466907056236,3382.0,0
MIWUK 1701,1,0,0,0.0,0.0,15.38048262553134,0.2656666411003039,2570.0,4
MIWUK 1702,1,0,0,0.0,0.0,15.38048262553134,0.2656666411003039,2455.0,4
MOLINO 1101,0,0,0,13.80209525655883,0.0,13.80209525655883,0.2146864242870259,7233.0,0
MOLINO 1102,0,0,0,0.0,0.0,13.461110565575252,0.2043643695312385,5243.0,0
MOLINO 1104,1,0,0,0.0,0.0,13.80209525655883,0.2146864242870259,10766.0,0
MONROE 2103,0,0,0,0.0,0.0,14.265733011240092,0.2291163977485995,1709.0,0
MONROE 2107,0,0,0,13.174942980929783,0.0,13.174942980929783,0.1958922070110017,7320.0,0
MONTE RIO 1111,0,0,0,0.0,0.0,14.503583428802452,0.2366953916457256,2244.0,0
MONTE RIO 1112,0,0,0,0.0,0.0,13.461110565575252,0.2043643695312385,1696.0,0
MONTE RIO 1113,0,0,0,0.0,0.0,14.3461877780666,0.231666688288823,3860.0,0
MONTICELLO 1101,0,0,0,0.0,0.0,14.14626550521188,0.2253546889312736,2478.0,0
MORAGA 1101,0,0,0,0.0,0.0,11.495593879994871,0.1496956108818659,1958.0,2
MORAGA 1102,0,0,0,0.0,0.0,13.365738066079246,0.2015214756618519,8566.0,2
MORAGA 1103,0,0,0,0.0,0.0,13.365738066079246,0.2015214756618519,6266.0,2
MORAGA 1104,0,0,0,0.0,0.0,13.365738066079246,0.2015214756618519,6224.0,2
MORAGA 1105,0,0,0,0.0,0.0,13.365738066079246,0.2015214756618519,8283.0,2
MORGAN HILL 2104,1,0,0,0.0,0.0,15.18324666830552,0.2590094348382398,12740.0,3
MORGAN HILL 2105,0,0,0,0.0,0.0,15.18324666830552,0.2590094348382398,4790.0,3
MORGAN HILL 2106,0,0,0,0.0,0.0,15.18324666830552,0.2590094348382398,5136.0,3
MORGAN HILL 2109,1,0,0,0.0,0.0,15.18324666830552,0.2590094348382398,14297.0,3
MORGAN HILL 2110,1,0,0,3.2344920635016345,0.0,15.18324666830552,0.2590094348382398,11671.0,3
MORGAN HILL 2111,1,0,0,0.0,0.0,17.192432650243422,0.3306278340733424,6516.0,3
MORRO BAY 1101,0,0,0,13.68878827989723,0.0,13.68878827989723,0.211229120188794,10981.0,3
MORRO BAY 1102,1,0,0,9.204859438711503,0.0,14.291782597999305,0.2299406326958248,14088.0,3
MOUNTAIN QUARRIES 2101,0,0,0,0.0,0.0,15.687939819431788,0.2762067288630574,4141.0,1
NAPA 1102,1,0,0,12.625714897564851,0.0,12.625714897564851,0.180120273870399,8036.0,0
NAPA 1112,0,0,0,0.0,0.0,13.063039572616246,0.1926266008609071,5485.5,0
NARROWS 2101,0,0,0,0.0,0.0,16.218961972889524,0.2948765873061975,1967.5,1
NARROWS 2102,0,0,0,0.0,0.0,15.7310576184777,0.2777006955318791,5932.0,1
NARROWS 2105,0,0,0,0.0,0.0,15.7310576184777,0.2777006955318791,5090.0,1
NEWBURG 1131,1,0,0,0.0,0.0,19.20337554046177,0.410685344462549,4625.0,0
NEWBURG 1132,1,0,0,0.0,0.0,19.20337554046177,0.410685344462549,4725.0,0
NEWBURG 1133,1,0,0,0.0,0.0,19.20337554046177,0.410685344462549,4910.0,0
NORTH DUBLIN 2101,0,0,0,0.0,0.0,14.221833033028592,0.227730601560125,5122.0,2
NORTH DUBLIN 2103,0,0,0,14.221833033028592,0.0,14.221833033028592,0.227730601560125,9846.0,2
NOTRE DAME 1103,0,0,0,0.0,0.0,17.795793499872694,0.353773154364538,2799.0,1
NOTRE DAME 1104,0,0,0,0.0,0.0,17.795793499872694,0.353773154364538,1246.6666666666667,1
NOVATO 1101,1,0,0,1.3093339492570195,0.0,11.432617914560304,0.1480808142714946,9307.0,0
NOVATO 1102,0,0,0,0.0,0.0,12.294334792056526,0.1709155374520868,2587.0,0
NOVATO 1104,0,0,0,0.0,0.0,12.294334792056526,0.1709155374520868,2682.0,0
OAK 0401,0,0,0,0.0,0.0,11.495593879994871,0.1496956108818659,2737.0,2
OAKHURST 1101,1,0,0,0.0,0.0,15.269710988849264,0.2619177737927693,2325.0,4
OAKHURST 1102,1,0,0,0.0,0.0,15.230260367022897,0.260588854858123,2167.5,4
OAKHURST 1103,1,0,0,0.0,0.0,15.230260367022897,0.260588854858123,2325.0,4
OAKLAND D 1112,0,0,0,0.0,0.0,11.26975766175292,0.1439444178934331,2001.0,2
OAKLAND D 1134,0,0,0,0.0,0.0,11.26975766175292,0.1439444178934331,488.0,2
OAKLAND J 1102,0,0,0,0.0,0.0,11.26975766175292,0.1439444178934331,6920.0,2
OAKLAND J 1105,1,0,0,8.886258219880599,0.0,13.365738066079246,0.2015214756618519,11183.0,2
OAKLAND J 1106,1,0,0,0.0,0.0,13.365738066079246,0.2015214756618519,9679.0,2
OAKLAND J 1116,0,0,0,0.0,0.0,11.26975766175292,0.1439444178934331,8452.0,2
OAKLAND J 1118,0,0,0,0.0,0.0,13.365738066079246,0.2015214756618519,8411.5,2
OAKLAND K 1101,0,0,0,0.0,0.0,11.26975766175292,0.1439444178934331,6254.0,2
OAKLAND K 1102,0,0,0,0.0,0.0,11.26975766175292,0.1439444178934331,5621.0,2
OAKLAND K 1103,0,0,0,0.0,0.0,11.26975766175292,0.1439444178934331,4629.666666666667,2
OAKLAND K 1104,0,0,0,0.0,0.0,11.26975766175292,0.1439444178934331,6194.0,2
OAKLAND X 1101,0,0,0,0.0,0.0,11.26975766175292,0.1439444178934331,2121.3333333333335,2
OAKLAND X 1104,0,0,0,0.0,0.0,11.26975766175292,0.1439444178934331,4551.0,2
OAKLAND X 1105,0,0,0,0.0,0.0,11.26975766175292,0.1439444178934331,5567.0,2
OAKLAND X 1106,0,0,0,0.0,0.0,13.365738066079246,0.2015214756618519,6199.0,2
OCEANO 1102,0,0,0,0.0,0.0,14.124438757098025,0.2246706822885058,5987.0,3
OCEANO 1103,0,0,0,0.0,0.0,14.460263743717364,0.2353061390366815,6856.0,3
OCEANO 1104,0,0,0,0.0,0.0,14.460263743717364,0.2353061390366815,3755.0,3
OCEANO 1105,0,0,0,0.0,0.0,14.80436900042428,0.2464505880039955,6619.0,3
OCEANO 1106,0,0,0,14.124438757098025,0.0,14.124438757098025,0.2246706822885058,9519.0,3
OILFIELDS 1103,0,0,0,0.0,0.0,18.205767450090764,0.3699289820221261,444.7142857142857,3
OILFIELDS 2110,1,0,0,0.0,0.0,17.615800202829796,0.3467897105162852,3618.0,3
OLEMA 1101,0,0,0,0.0,0.0,13.610290264202623,0.2088498911430475,1824.0,0
OLETA 1101,1,0,0,0.0,0.0,15.877295800024688,0.2827965859094257,1578.0,4
OLETA 1102,1,0,0,0.0,0.0,15.709685101018678,0.2769596838621945,1768.0,4
OREGON TRAIL 1102,1,0,0,1.6905373838159123,0.0,17.932868764494643,0.3591363108037372,28098.0,1
OREGON TRAIL 1103,0,0,0,0.0,0.0,17.610195230886244,0.3465733213370083,3752.0,1
OREGON TRAIL 1104,1,0,0,8.496788214067614,0.0,17.69871080685265,0.3499981930382247,21659.0,1
ORO FINO 1101,1,0,0,17.562708858289422,0.0,17.562708858289422,0.3447426370613786,8501.0,1
OROSI 1102,0,0,0,0.0,0.0,16.436838194071225,0.3027070003970197,847.3333333333334,4
OTTER 1101,0,0,0,0.0,0.0,19.205974080920846,0.4107941694754966,737.0,3
OTTER 1102,0,0,0,0.0,0.0,18.42381425258669,0.3786625635045432,737.0,3
PACIFIC GROVE 0422,0,0,0,0.0,0.0,14.191561389838308,0.2267773844726798,2533.0,3
PACIFICA 1101,0,0,0,0.0,0.0,11.901743367995495,0.1603146417140505,5561.0,2
PACIFICA 1102,0,0,0,0.0,0.0,11.901743367995495,0.1603146417140505,7903.0,2
PACIFICA 1103,0,0,0,0.0,0.0,11.901743367995495,0.1603146417140505,6568.0,2
PACIFICA 1104,0,0,0,0.0,0.0,11.901743367995495,0.1603146417140505,3966.0,2
PALMER 1101,0,0,0,0.0,0.0,16.903375476740433,0.3198065092034678,2813.0,3
PALO SECO 0401,0,0,0,0.0,0.0,11.26975766175292,0.1439444178934331,1982.0,2
PANOCHE 1103,1,0,0,0.0,0.0,19.222542671259543,0.4114883749714276,890.25,4
PANORAMA 1101,0,0,0,0.0,0.0,17.676016990605287,0.3491185739346266,2789.5,1
PANORAMA 1102,0,0,0,0.0,0.0,17.676016990605287,0.3491185739346266,2789.5,1
PARADISE 1102,0,0,0,0.0,0.0,17.61120758357305,0.3466124000766292,443.0,1
PARADISE 1103,0,0,0,0.0,0.0,17.61120758357305,0.3466124000766292,1825.5,1
PARADISE 1104,0,0,0,0.0,0.0,17.036246012404195,0.3247592105595428,443.0,1
PARADISE 1105,0,0,0,0.0,0.0,17.562708858289422,0.3447426370613786,1787.0,1
PARADISE 1106,0,0,0,0.0,0.0,17.61120758357305,0.3466124000766292,1515.0,1
PASO ROBLES 1103,0,0,0,0.0,0.0,15.1617885447745,0.2582900937971504,1410.75,3
PASO ROBLES 1104,0,0,0,0.0,0.0,15.1617885447745,0.2582900937971504,1410.75,3
PASO ROBLES 1107,0,0,0,0.0,0.0,15.270355960135756,0.2619395271884119,5413.0,3
PAUL SWEET 2102,1,0,0,0.0,0.0,14.293315274273496,0.2299891727424387,12472.0,3
PAUL SWEET 2104,0,0,0,14.293315274273496,0.0,14.293315274273496,0.2299891727424387,7251.0,3
PAUL SWEET 2105,1,0,0,5.438140368444312,0.0,14.293315274273496,0.2299891727424387,15164.0,3
PAUL SWEET 2106,0,0,0,0.0,0.0,14.444740334999045,0.2348092701356653,5135.0,3
PAUL SWEET 2107,0,0,0,14.293315274273496,0.0,14.293315274273496,0.2299891727424387,8951.0,3
PAUL SWEET 2109,0,0,0,14.444740334999045,0.0,14.444740334999045,0.2348092701356653,10145.0,3
PEABODY 2106,1,0,0,7.646903066970752,0.0,12.414775664103026,0.174233868265039,12468.0,1
PEABODY 2108,0,0,0,12.414775664103026,0.0,12.414775664103026,0.174233868265039,10170.0,1
PEABODY 2113,1,0,0,0.0,0.0,12.414775664103026,0.174233868265039,6939.0,1
PENNGROVE 1101,0,0,0,0.0,0.0,13.626399959605674,0.2093371008886297,3180.5,0
PENRYN 1103,0,0,0,0.0,0.0,16.20337731358487,0.2943202708546338,1905.5,1
PENRYN 1105,0,0,0,0.0,0.0,16.20337731358487,0.2943202708546338,2748.0,1
PENRYN 1106,0,0,0,16.11634442186465,0.0,16.11634442186465,0.2912228233698059,7431.0,1
PENRYN 1107,0,0,0,0.0,0.0,16.11634442186465,0.2912228233698059,1905.5,1
PEORIA 1701,0,0,0,0.0,0.0,14.780813683534332,0.2456797558945157,1541.0,4
PEORIA 1704,1,0,0,0.0,0.0,15.741352309109615,0.2780579662201609,7253.0,4
PEORIA 1705,1,0,0,14.958889072020517,0.0,14.958889072020517,0.2515361024586542,6498.333333333333,4
PERRY 1101,0,0,0,0.0,0.0,14.602276119461708,0.2398752202873074,6213.8,3
PERRY 1104,0,0,0,0.0,0.0,14.983356031433258,0.2523459561463123,528.8,3
PETALUMA C 1108,0,0,0,0.0,0.0,12.597211550285175,0.1793193144098576,4855.0,0
PETALUMA C 1109,0,0,0,0.0,0.0,12.294334792056526,0.1709155374520868,5187.0,0
PHILO 1101,0,0,0,0.0,0.0,17.732764968144057,0.3513201382556226,1791.0,0
PHILO 1102,0,0,0,0.0,0.0,16.27601583293591,0.2969175263142403,1791.0,0
PIERCY 2110,1,0,0,0.0,0.0,18.40447372116745,0.3778839511669999,5435.0,3
PIKE CITY 1101,0,0,0,0.0,0.0,16.22672094761662,0.2951537437367796,1062.3333333333333,1
PIKE CITY 1102,0,0,0,0.0,0.0,16.22672094761662,0.2951537437367796,1618.0,1
PINE GROVE 1101,1,0,0,0.0,0.0,15.749153821487868,0.2783288604046606,4928.0,4
PINE GROVE 1102,1,0,0,0.0,0.0,16.347332505009742,0.2994782185743033,2004.5,4
PINECREST 0401,0,0,0,0.0,0.0,16.970352046981244,0.3222984573549889,657.0,4
PIT NO 1 1101,0,0,0,0.0,0.0,15.697505628309564,0.2765378339373483,802.25,1
PIT NO 3 2101,0,0,0,0.0,0.0,15.856555546425316,0.2820711394799992,2663.666666666667,1
PIT NO 5 1101,0,0,0,0.0,0.0,16.25203225407793,0.2960587553979231,2813.333333333333,1
PIT NO 7 1101,0,0,0,0.0,0.0,16.862022601767283,0.3182725731026815,1115.3333333333333,1
PLACER 1101,0,0,0,0.0,0.0,15.846028757174103,0.2817032805625278,1121.0,1
PLACER 1102,0,0,0,0.0,0.0,15.846028757174103,0.2817032805625278,1546.3333333333333,1
PLACER 1103,0,0,0,0.0,0.0,15.846028757174103,0.2817032805625278,3806.0,1
PLACER 1104,0,0,0,0.0,0.0,15.846028757174103,0.2817032805625278,1546.3333333333333,1
PLACERVILLE 1109,0,0,0,0.0,0.0,15.684473188955735,0.2760867842990335,5634.0,1
PLACERVILLE 1110,1,0,0,0.0,0.0,15.684473188955735,0.2760867842990335,6314.0,1
PLACERVILLE 1111,0,0,0,0.0,0.0,15.684473188955735,0.2760867842990335,2578.5,1
PLACERVILLE 1112,0,0,0,0.0,0.0,15.684473188955735,0.2760867842990335,2578.5,1
PLACERVILLE 2106,0,0,0,0.0,0.0,16.022386525026068,0.2878966625529443,5097.0,1
POINT ARENA 1101,1,0,0,0.0,0.0,18.502575496088607,0.3818412801165574,2218.0,0
POINT MORETTI 1101,1,0,0,0.0,0.0,17.217825872116258,0.3315867486782396,4680.0,3
POSO MOUNTAIN 2101,1,0,0,0.0,0.0,20.13323725498111,0.4505074308001375,1606.0,4
POSO MOUNTAIN 2103,1,0,0,0.0,0.0,20.155787756449435,0.4514950537733886,5183.0,4
POSO MOUNTAIN 2104,0,0,0,0.0,0.0,20.155787756449435,0.4514950537733886,681.5,4
POTTER VALLEY P H 1105,0,0,0,0.0,0.0,15.171294415058176,0.2586086399739968,1849.0,0
PRUNEDALE 1110,0,0,0,0.0,0.0,12.100416381278873,0.1656380134899812,4827.0,3
PUEBLO 1104,0,0,0,0.0,0.0,14.14626550521188,0.2253546889312736,1354.5,0
PUEBLO 1105,0,0,0,0.0,0.0,14.14626550521188,0.2253546889312736,1354.5,0
PUEBLO 2102,0,0,0,0.0,0.0,13.135835111409358,0.1947479178877182,5786.0,0
PUEBLO 2103,0,0,0,0.0,0.0,12.625714897564851,0.180120273870399,905.5,0
PUEBLO 2104,0,0,0,0.0,0.0,13.135835111409358,0.1947479178877182,2350.0,0
PURISIMA 1101,1,0,0,6.400294625994225,0.0,16.007922109686337,0.2873862513608943,9810.0,3
PUTAH CREEK 1102,0,0,0,0.0,0.0,15.73277864738128,0.277760407311256,693.0,1
PUTAH CREEK 1103,1,0,0,0.0,0.0,15.73277864738128,0.277760407311256,6571.666666666667,1
PUTAH CREEK 1105,0,0,0,0.0,0.0,15.73277864738128,0.277760407311256,693.0,1
RACETRACK 1703,1,0,0,0.0,0.0,15.5592221061316,0.2717700005826873,4276.333333333333,4
RACETRACK 1704,0,0,0,0.0,0.0,14.958889072020517,0.2515361024586542,996.3333333333334,4
RALSTON 1101,0,0,0,0.0,0.0,12.54012511963733,0.1777203718296654,5790.0,2
RALSTON 1102,0,0,0,0.0,0.0,13.753456424899166,0.2131989883061476,7261.0,2
RAWSON 1103,0,0,0,0.0,0.0,18.01605044152937,0.3624097415386391,1167.5,1
RED BLUFF 1101,0,0,0,0.0,0.0,18.400543869020552,0.3777258369434584,2799.0,1
RED BLUFF 1103,0,0,0,0.0,0.0,18.01605044152937,0.3624097415386391,2799.0,1
RED BLUFF 1104,1,0,0,0.0,0.0,18.01605044152937,0.3624097415386391,3775.0,1
RED BLUFF 1105,1,0,0,0.0,0.0,18.01605044152937,0.3624097415386391,5813.0,1
REDBUD 1101,0,0,0,0.0,0.0,16.33204923274886,0.298928565946706,2078.0,0
REDBUD 1102,1,0,0,0.0,0.0,16.33204923274886,0.298928565946706,6916.0,0
REEDLEY 1104,1,0,0,0.0,0.0,16.706986033368562,0.312553297325423,1190.5,4
REEDLEY 1112,1,0,0,6.913539183223287,0.0,17.11590787126133,0.3277461397908853,10784.0,4
RESEARCH 2102,0,0,0,0.0,0.0,13.673693092617034,0.2107705791310155,7449.0,2
RESERVATION ROAD 1101,0,0,0,0.0,0.0,15.561235076992835,0.2718391180043679,3500.0,3
RESERVATION ROAD 1102,1,0,0,0.0,0.0,15.561235076992835,0.2718391180043679,7468.0,3
RIDGE 0401,0,0,0,0.0,0.0,11.495593879994871,0.1496956108818659,3745.0,2
RIDGE 0402,0,0,0,0.0,0.0,11.495593879994871,0.1496956108818659,3836.0,2
RINCON 1101,0,0,0,0.0,0.0,13.377622725787498,0.2018746836120796,4146.0,0
RINCON 1102,1,0,0,0.0,0.0,14.252057704517997,0.2286842710575535,9898.0,0
RINCON 1103,0,0,0,0.0,0.0,13.377622725787498,0.2018746836120796,6554.0,0
RINCON 1104,1,0,0,0.0,0.0,13.174942980929783,0.1958922070110017,8979.0,0
RIO DELL 1102,1,0,0,0.0,0.0,18.348515536352348,0.3756355152069995,5815.666666666667,0
RISING RIVER 1101,0,0,0,0.0,0.0,15.54346074967982,0.2712291115907247,802.25,1
ROB ROY 2104,0,0,0,14.444740334999045,0.0,14.444740334999045,0.2348092701356653,7305.0,3
ROB ROY 2105,1,0,0,0.0,0.0,14.444740334999045,0.2348092701356653,12676.0,3
ROSSMOOR 1101,0,0,0,0.0,0.0,13.634197363274405,0.2095731175025464,4835.0,2
ROSSMOOR 1102,0,0,0,0.0,0.0,13.673693092617034,0.2107705791310155,5011.0,2
ROSSMOOR 1103,0,0,0,0.0,0.0,13.365738066079246,0.2015214756618519,1964.0,2
ROSSMOOR 1104,0,0,0,0.0,0.0,13.634197363274405,0.2095731175025464,1791.3333333333333,2
ROSSMOOR 1106,0,0,0,0.0,0.0,13.634197363274405,0.2095731175025464,8127.5,2
ROSSMOOR 1107,0,0,0,0.0,0.0,13.26839120255108,0.1986396584880983,3597.0,2
ROSSMOOR 1108,0,0,0,0.0,0.0,13.365738066079246,0.2015214756618519,2976.5,2
ROSSMOOR 1109,0,0,0,0.0,0.0,13.365738066079246,0.2015214756618519,3344.0,2
SALMON CREEK 1101,0,0,0,0.0,0.0,13.21335539338404,0.1970193143625978,1665.0,0
SALT SPRINGS 2101,1,0,0,0.0,0.0,17.430807843377213,0.3396820800500114,2271.0,4
SALT SPRINGS 2102,0,0,0,0.0,0.0,16.776160905613636,0.3150989775759302,379.0,4
SAN ARDO 1101,0,0,0,0.0,0.0,19.113496956002155,0.4069297966306772,444.7142857142857,3
SAN ARDO 1102,0,0,0,0.0,0.0,16.587545030056376,0.3081812091159886,444.7142857142857,3
SAN BENITO 2101,0,0,0,0.0,0.0,13.932243343579207,0.2186911576361511,1682.25,3
SAN BENITO 2104,0,0,0,0.0,0.0,12.100416381278873,0.1656380134899812,1682.25,3
SAN BERNARD 1101,0,0,0,0.0,0.0,18.40223895680159,0.377794033448955,701.6,4
SAN CARLOS 1103,0,0,0,0.0,0.0,14.470661088813731,0.2356392185843656,3068.0,2
SAN CARLOS 1104,0,0,0,0.0,0.0,14.470661088813731,0.2356392185843656,7328.0,2
SAN JOAQUIN #2 1103,0,0,0,0.0,0.0,15.300832784451492,0.2629684352894622,680.1666666666666,4
SAN JOAQUIN #3 1101,0,0,0,0.0,0.0,15.41472255040707,0.2668306361783457,680.1666666666666,4
SAN JOAQUIN #3 1102,0,0,0,0.0,0.0,15.933900100679343,0.2847810489905386,680.1666666666666,4
SAN JOAQUIN #3 1103,1,0,0,0.0,0.0,15.933900100679343,0.2847810489905386,2250.1666666666665,4
SAN JUSTO 1101,0,0,0,0.0,0.0,13.932243343579207,0.2186911576361511,1682.25,3
SAN LEANDRO U 1109,0,0,0,0.0,0.0,12.146932106231798,0.1668966065400982,3031.0,2
SAN LEANDRO U 1114,0,0,0,0.0,0.0,12.146932106231798,0.1668966065400982,8299.0,2
SAN LUIS OBISPO 1101,0,0,0,0.0,0.0,14.360285433318856,0.2321149690781912,1642.0,3
SAN LUIS OBISPO 1102,1,0,0,0.0,0.0,14.360285433318856,0.2321149690781912,10749.0,3
SAN LUIS OBISPO 1103,0,0,0,0.0,0.0,14.460263743717364,0.2353061390366815,1230.0,3
SAN LUIS OBISPO 1104,0,0,0,0.0,0.0,14.460263743717364,0.2353061390366815,1230.0,3
SAN LUIS OBISPO 1105,1,0,0,6.3825446259998095,0.0,14.360285433318856,0.2321149690781912,12262.0,3
SAN LUIS OBISPO 1107,0,0,0,0.0,0.0,14.80436900042428,0.2464505880039955,4334.0,3
SAN LUIS OBISPO 1108,0,0,0,0.0,0.0,14.360285433318856,0.2321149690781912,3824.0,3
SAN MIGUEL 1105,0,0,0,0.0,0.0,16.97327423724301,0.322407393116197,1410.75,3
SAN MIGUEL 1106,0,0,0,0.0,0.0,17.6113268088862,0.3466170025399421,444.7142857142857,3
SAN MIGUEL 1107,0,0,0,0.0,0.0,16.97327423724301,0.322407393116197,1620.5,3
SAN RAFAEL 1101,0,0,0,11.00591040752012,0.0,11.00591040752012,0.1373643997419741,12018.0,0
SAN RAFAEL 1104,0,0,0,11.00591040752012,0.0,11.00591040752012,0.1373643997419741,7489.0,0
SAN RAFAEL 1105,0,0,0,0.0,0.0,10.869411945490633,0.1340192451613259,5389.0,0
SAN RAFAEL 1106,1,0,0,10.869411945490633,0.0,10.869411945490633,0.1340192451613259,8645.0,0
SAN RAFAEL 1107,0,0,0,0.0,0.0,10.869411945490633,0.1340192451613259,6170.0,0
SAN RAFAEL 1108,1,0,0,0.0,0.0,11.00591040752012,0.1373643997419741,8395.0,0
SAN RAFAEL 1109,1,0,0,10.869411945490633,0.0,10.869411945490633,0.1340192451613259,11842.0,0
SAN RAFAEL 1110,0,0,0,0.0,0.0,10.869411945490633,0.1340192451613259,5820.0,0
SAN RAMON 2101,1,0,0,0.0,0.0,14.616870088644824,0.240347173025803,19482.0,2
SAN RAMON 2102,1,0,0,0.0,0.0,14.221833033028592,0.227730601560125,13951.0,2
SAN RAMON 2106,1,0,0,0.0,0.0,14.221833033028592,0.227730601560125,15802.0,2
SAN RAMON 2107,0,0,0,0.0,0.0,13.737187859378572,0.2127025941210747,5754.0,2
SAN RAMON 2108,1,0,0,0.39860139556203883,0.0,13.673693092617034,0.2107705791310155,16552.0,2
SAN RAMON 2117,0,0,0,0.0,0.0,14.221833033028592,0.227730601560125,8990.0,2
SAN RAMON 2118,0,0,0,0.0,0.0,14.221833033028592,0.227730601560125,2774.0,2
SAN RAMON 2119,0,0,0,0.0,0.0,14.221833033028592,0.227730601560125,2165.0,2
SAND CREEK 1103,1,0,0,0.0,0.0,16.286854097173297,0.297306001314514,2441.0,4
SANTA MARIA 1108,0,0,0,0.0,0.0,14.880552855327752,0.248951649255116,2887.0,3
SANTA ROSA A 1104,0,0,0,0.0,0.0,14.265733011240092,0.2291163977485995,4009.0,0
SANTA ROSA A 1107,0,0,0,0.0,0.0,13.174942980929783,0.1958922070110017,2528.0,0
SANTA ROSA A 1108,0,0,0,13.174942980929783,0.0,13.174942980929783,0.1958922070110017,11891.0,0
SANTA ROSA A 1110,1,0,0,0.0,0.0,14.252057704517997,0.2286842710575535,10478.0,0
SANTA ROSA A 1111,0,0,0,0.0,0.0,13.174942980929783,0.1958922070110017,6194.5,0
SANTA YNEZ 1101,1,0,0,0.5693730420666445,0.0,20.692127018420443,0.4752889959779972,191390.0,3
SANTA YNEZ 1102,1,0,0,0.0,0.0,20.692127018420443,0.4752889959779972,8022.0,3
SANTA YNEZ 1104,0,0,0,0.0,0.0,20.692127018420443,0.4752889959779972,1057.3333333333333,3
SARATOGA 1103,1,0,0,0.0,0.0,19.336447646499145,0.4162760622487171,8891.5,3
SARATOGA 1104,1,0,0,0.0,0.0,19.336447646499145,0.4162760622487171,3362.5,3
SARATOGA 1105,1,0,0,0.0,0.0,18.430281551593527,0.3789230960121945,2907.5,3
SARATOGA 1106,1,0,0,0.0,0.0,19.336447646499145,0.4162760622487171,3362.5,3
SARATOGA 1107,1,0,0,0.0,0.0,19.336447646499145,0.4162760622487171,2883.0,3
SARATOGA 1115,1,0,0,0.0,0.0,18.430281551593527,0.3789230960121945,17571.0,3
SAUSALITO 1101,0,0,0,0.0,0.0,10.47984444980664,0.1246935979597421,6257.0,0
SAUSALITO 1102,0,0,0,0.0,0.0,10.47984444980664,0.1246935979597421,4860.5,0
SERRAMONTE 1104,1,0,0,8.017489282425593,0.0,11.901743367995495,0.1603146417140505,26757.0,2
SHADY GLEN 1101,0,0,0,0.0,0.0,15.602589429474518,0.2732609399817138,3284.5,1
SHADY GLEN 1102,0,0,0,0.0,0.0,15.602589429474518,0.2732609399817138,566.6,1
SHEPHERD 2111,1,0,0,0.0,0.0,15.757030563477116,0.2786024959664506,2592.5,4
SHINGLE SPRINGS 1103,0,0,0,0.0,0.0,15.53351458582074,0.270888052742684,2231.6666666666665,1
SHINGLE SPRINGS 1104,0,0,0,0.0,0.0,15.53351458582074,0.270888052742684,2231.6666666666665,1
SHINGLE SPRINGS 2105,1,0,0,0.0,0.0,15.53351458582074,0.270888052742684,17873.0,1
SHINGLE SPRINGS 2108,0,0,0,15.53351458582074,0.0,15.53351458582074,0.270888052742684,6601.0,1
SHINGLE SPRINGS 2109,0,0,0,0.0,0.0,15.863661539416247,0.2823195895401679,3158.0,1
SHINGLE SPRINGS 2110,0,0,0,0.0,0.0,15.53351458582074,0.270888052742684,2231.6666666666665,1
SILVERADO 2102,0,0,0,0.0,0.0,14.770660345786949,0.2453478548641547,2492.0,0
SILVERADO 2103,0,0,0,0.0,0.0,14.001137706550578,0.2208255926691466,3112.5,0
SILVERADO 2104,0,0,0,0.0,0.0,13.960688332836888,0.2195712021497935,2492.0,0
SILVERADO 2105,0,0,0,0.0,0.0,13.960688332836888,0.2195712021497935,4020.5,0
SISQUOC 1102,0,0,0,0.0,0.0,16.374806174542115,0.3004675144299098,465.0,3
SISQUOC 1103,0,0,0,0.0,0.0,16.374806174542115,0.3004675144299098,465.0,3
SMARTVILLE 1101,0,0,0,0.0,0.0,16.218961972889524,0.2948765873061975,2909.6666666666665,1
SNEATH LANE 1101,0,0,0,0.0,0.0,12.54012511963733,0.1777203718296654,7558.0,2
SNEATH LANE 1102,1,0,0,0.0,0.0,11.901743367995495,0.1603146417140505,19638.0,2
SNEATH LANE 1106,0,0,0,11.901743367995495,0.0,11.901743367995495,0.1603146417140505,9232.0,2
SOBRANTE 1101,0,0,0,0.0,0.0,13.634197363274405,0.2095731175025464,2400.0,2
SOBRANTE 1102,0,0,0,0.0,0.0,13.634197363274405,0.2095731175025464,2400.0,2
SOBRANTE 1103,0,0,0,0.0,0.0,11.495593879994871,0.1496956108818659,2400.0,2
SOLEDAD 2101,0,0,0,0.0,0.0,18.44766489728624,0.3796238031769783,1047.0,3
SOLEDAD 2102,0,0,0,0.0,0.0,19.692829938884564,0.4314268179081246,730.0,3
SOLEDAD 2104,1,0,0,0.0,0.0,18.25461315281275,0.37187693048971,18123.0,3
SOLEDAD 2105,1,0,0,0.0,0.0,17.846190796960656,0.3557404737378214,7235.8,3
SONOMA 1102,1,0,0,13.456926263791916,0.0,13.456926263791916,0.2042392373719348,13175.5,0
SONOMA 1103,0,0,0,0.0,0.0,13.456926263791916,0.2042392373719348,1247.0,0
SONOMA 1104,0,0,0,0.0,0.0,13.456926263791916,0.2042392373719348,4013.0,0
SONOMA 1105,0,0,0,0.0,0.0,12.625714897564851,0.180120273870399,1074.0,0
SONOMA 1106,1,0,0,4.607398185836633,0.0,13.456926263791916,0.2042392373719348,10076.5,0
SONOMA 1107,0,0,0,0.0,0.0,13.456926263791916,0.2042392373719348,1074.0,0
SPAULDING 1101,0,0,0,0.0,0.0,16.52202855039232,0.3057956089673279,566.6,1
SPENCE 1102,0,0,0,0.0,0.0,15.460152397439058,0.2683788290890673,1256.8,3
SPENCE 1104,0,0,0,0.0,0.0,15.460152397439058,0.2683788290890673,1256.8,3
SPRING GAP 1702,0,0,0,0.0,0.0,16.970352046981244,0.3222984573549889,657.0,4
STAFFORD 1101,0,0,0,12.294334792056526,0.0,12.294334792056526,0.1709155374520868,8254.0,0
STAFFORD 1102,0,0,0,11.432617914560304,0.0,11.432617914560304,0.1480808142714946,7376.0,0
STANISLAUS 1701,1,0,0,0.0,0.0,15.897724497292351,0.2835120136844423,3214.0,4
STANISLAUS 1702,1,0,0,0.0,0.0,16.280775440487403,0.2970880943757383,1966.0,4
STELLING 1109,1,0,0,8.811732264438618,0.0,18.430281551593527,0.3789230960121945,10667.0,3
STELLING 1110,0,0,0,0.0,0.0,17.42345382678808,0.3394009926369153,1479.5,3
STILLWATER 1101,1,0,0,0.0,0.0,17.932868764494643,0.3591363108037372,5952.0,1
STILLWATER 1102,0,0,0,0.0,0.0,17.610195230886244,0.3465733213370083,1270.0,1
STONE CORRAL 1108,1,0,0,0.0,0.0,16.436838194071225,0.3027070003970197,2835.0,4
STONE CORRAL 1110,1,0,0,10.560570114296157,0.0,16.517462229075548,0.3056296720733743,17571.333333333332,4
SUISUN 1104,0,0,0,0.0,0.0,12.414775664103026,0.174233868265039,4599.0,1
SUISUN 1109,1,0,0,11.616588409434895,0.0,12.414775664103026,0.174233868265039,8066.0,1
SUMMIT 1101,0,0,0,0.0,0.0,15.583327428661804,0.2725982392113664,1068.5,1
SUMMIT 1102,1,0,0,0.0,0.0,15.08660175886306,0.2557772355899771,29437.5,1
SUNOL 1101,0,0,0,0.0,0.0,14.618326440501884,0.2403942944545382,4135.5,2
SUNOL 1105,0,0,0,0.0,0.0,14.618326440501884,0.2403942944545382,3480.0,2
SWIFT 2102,1,0,0,1.9555024992642538,0.0,17.50122500159375,0.3423792504350225,14639.0,3
SWIFT 2107,1,0,0,17.50122500159375,0.0,17.50122500159375,0.3423792504350225,10578.0,3
SWIFT 2109,1,0,0,5.8984409057747325,0.0,17.50122500159375,0.3423792504350225,25471.0,3
SWIFT 2110,0,0,0,0.0,0.0,16.879129823367087,0.3189067146757364,960.0,3
SYCAMORE CREEK 1109,0,0,0,0.0,0.0,17.795793499872694,0.353773154364538,3165.5,1
SYCAMORE CREEK 1111,0,0,0,0.0,0.0,17.746776949157027,0.3518647634365944,1246.6666666666667,1
TAMARACK 1101,0,0,0,0.0,0.0,15.721319323274129,0.2773629382515505,1068.5,1
TAR FLAT 0401,1,0,0,0.0,0.0,14.780813683534332,0.2456797558945157,2039.5,4
TAR FLAT 0402,1,0,0,15.247044378511848,0.0,15.247044378511848,0.2611538356272093,5919.5,4
TASSAJARA 2103,0,0,0,13.673693092617034,0.0,13.673693092617034,0.2107705791310155,9344.0,2
TASSAJARA 2104,0,0,0,0.0,0.0,14.616870088644824,0.240347173025803,2818.0,2
TASSAJARA 2106,0,0,0,0.0,0.0,14.616870088644824,0.240347173025803,4627.0,2
TASSAJARA 2107,0,0,0,13.673693092617034,0.0,13.673693092617034,0.2107705791310155,13925.0,2
TASSAJARA 2108,0,0,0,0.0,0.0,13.673693092617034,0.2107705791310155,7152.0,2
TASSAJARA 2109,0,0,0,0.0,0.0,14.616870088644824,0.240347173025803,7506.0,2
TASSAJARA 2112,0,0,0,0.0,0.0,14.616870088644824,0.240347173025803,6895.0,2
TASSAJARA 2113,0,0,0,0.0,0.0,13.673693092617034,0.2107705791310155,1380.3333333333333,2
TEJON 1102,1,0,0,18.547914838581885,0.0,21.194694021426987,0.4981136960133472,18794.6,4
TEJON 1103,1,0,0,0.0,0.0,18.40223895680159,0.377794033448955,3258.6,4
TEMPLETON 2108,0,0,0,0.0,0.0,14.70694987856428,0.2432701861441749,6731.0,3
TEMPLETON 2111,0,0,0,0.0,0.0,14.70694987856428,0.2432701861441749,4233.0,3
TEMPLETON 2112,0,0,0,0.0,0.0,14.70694987856428,0.2432701861441749,6162.75,3
TEMPLETON 2113,0,0,0,0.0,0.0,14.55092977230984,0.2382183044421203,5566.0,3
TIDEWATER 2106,0,0,0,0.0,0.0,13.59770737947411,0.2084697265615271,3689.0,2
TIVY VALLEY 1107,1,0,0,0.0,0.0,15.965682810876766,0.2858982384687719,1323.0,4
TRES PINOS 1111,0,0,0,0.0,0.0,14.65121109407536,0.2414594934554813,4185.25,3
TULUCAY 1101,0,0,0,0.0,0.0,11.786748213071428,0.1572720691838854,433.6666666666667,0
TYLER 1105,0,0,0,0.0,0.0,18.686792629221507,0.3893258419578381,1560.6666666666667,1
UKIAH 1111,1,0,0,0.0,0.0,16.443854612005545,0.3029608122920628,4983.0,0
UKIAH 1113,1,0,0,4.344199345765054,0.0,16.443854612005545,0.3029608122920628,16331.333333333334,0
UKIAH 1114,0,0,0,0.0,0.0,16.443854612005545,0.3029608122920628,2003.3333333333333,0
UKIAH 1115,1,0,0,0.0,0.0,16.443854612005545,0.3029608122920628,5393.333333333333,0
UPPER LAKE 1101,0,0,0,0.0,0.0,16.462297832102927,0.3036284661891196,1642.0,0
VACA DIXON 1101,0,0,0,0.0,0.0,13.989868956603058,0.2204757853923856,1491.6666666666667,1
VACA DIXON 1105,0,0,0,0.0,0.0,13.989868956603058,0.2204757853923856,2119.5,1
VACAVILLE 1103,0,0,0,12.414775664103026,0.0,12.414775664103026,0.174233868265039,9481.0,1
VACAVILLE 1104,0,0,0,0.0,0.0,12.414775664103026,0.174233868265039,4353.0,1
VACAVILLE 1108,0,0,0,0.0,0.0,13.989868956603058,0.2204757853923856,1491.6666666666667,1
VACAVILLE 1109,0,0,0,0.0,0.0,12.414775664103026,0.174233868265039,5999.0,1
VACAVILLE 1111,0,0,0,0.0,0.0,13.989868956603058,0.2204757853923856,4821.0,1
VACAVILLE 1112,1,0,0,12.655393264398873,0.0,13.989868956603058,0.2204757853923856,11193.0,1
VALLEY VIEW 1103,1,0,0,6.9717350190047815,0.0,11.495593879994871,0.1496956108818659,17469.0,2
VALLEY VIEW 1105,0,0,0,0.0,0.0,11.495593879994871,0.1496956108818659,4855.0,2
VALLEY VIEW 1106,0,0,0,11.495593879994871,0.0,11.495593879994871,0.1496956108818659,10511.0,2
VASCO 1102,0,0,0,0.0,0.0,13.741412848576587,0.2128314550756917,2342.6666666666665,2
VASONA 1106,1,0,0,0.0,0.0,19.336447646499145,0.4162760622487171,4438.0,3
VIEJO 2201,0,0,0,0.0,0.0,14.191561389838308,0.2267773844726798,808.0,3
VIEJO 2202,0,0,0,0.0,0.0,14.191561389838308,0.2267773844726798,4445.0,3
VIEJO 2203,1,0,0,0.0,0.0,14.191561389838308,0.2267773844726798,9976.0,3
VINEYARD 2104,0,0,0,14.221833033028592,0.0,14.221833033028592,0.227730601560125,12361.0,2
VINEYARD 2107,1,0,0,0.0,0.0,14.221833033028592,0.227730601560125,9617.5,2
VINEYARD 2108,0,0,0,0.0,0.0,14.221833033028592,0.227730601560125,4141.0,2
VINEYARD 2110,1,0,0,4.676763856586346,0.0,14.221833033028592,0.227730601560125,19201.0,2
VOLTA 1101,0,0,0,0.0,0.0,16.863698674981723,0.3183346760160576,1167.5,1
VOLTA 1102,1,0,0,0.0,0.0,16.387808248702285,0.3009362526490557,6500.0,1
Valley Springs 1101,1,0,0,16.389819552598702,0.0,16.389819552598702,0.3010087936859595,5691.0,4
Valley Springs 1102,1,0,0,16.42972946767127,0.0,16.42972946767127,0.3024499538851146,4186.0,4
WALDO 0402,0,0,0,0.0,0.0,11.495593879994871,0.1496956108818659,2376.0,2
WALL 0401,0,0,0,0.0,0.0,11.11137671435692,0.1399765884292803,7839.0,2
WATERSHED 0402,0,0,0,0.0,0.0,13.753456424899166,0.2131989883061476,4899.0,2
WEIMAR 1101,0,0,0,0.0,0.0,15.69234873713747,0.2763593126636524,3284.5,1
WEIMAR 1102,0,0,0,0.0,0.0,15.711220974359934,0.2770129026239901,3315.0,1
WEST POINT 1101,1,0,0,0.0,0.0,15.935954218250227,0.2848531891965132,2004.5,4
WEST POINT 1102,1,0,0,0.0,0.0,16.122522648871453,0.2914421815970989,3862.0,4
WESTLEY 1103,1,0,0,17.213517200062448,0.0,17.213517200062448,0.3314239478107988,12404.333333333334,4
WHEATLAND 1104,0,0,0,0.0,0.0,16.587304558524497,0.3081724366846343,2852.0,1
WHEATLAND 1105,0,0,0,0.0,0.0,16.587304558524497,0.3081724366846343,3880.333333333333,1
WHITMORE 1101,0,0,0,0.0,0.0,15.799407662016298,0.2800768901689501,992.5,1
WILDWOOD 1101,0,0,0,0.0,0.0,17.454620473166525,0.3405930212434234,692.8,1
WILLITS 1102,0,0,0,0.0,0.0,14.775449376558097,0.2455043757787872,6386.0,0
WILLITS 1103,0,0,0,0.0,0.0,15.45664486661124,0.2682591426896218,6057.5,0
WILLITS 1104,0,0,0,0.0,0.0,14.775449376558097,0.2455043757787872,1529.5,0
WILLOW CREEK 1101,0,0,0,0.0,0.0,18.37735113687802,0.3767933440448937,971.3333333333334,0
WILLOW CREEK 1102,0,0,0,0.0,0.0,18.37735113687802,0.3767933440448937,971.3333333333334,0
WILLOW CREEK 1103,0,0,0,0.0,0.0,17.499816009706496,0.3423251816197856,2014.0,0
WILLOW PASS 2108,0,0,0,13.59770737947411,0.0,13.59770737947411,0.2084697265615271,9199.0,2
WINDSOR 1103,1,0,0,0.0,0.0,13.762229425918427,0.213466907056236,7670.0,0
WISE 1101,0,0,0,0.0,0.0,16.20337731358487,0.2943202708546338,2973.0,1
WISE 1102,0,0,0,0.0,0.0,16.20337731358487,0.2943202708546338,2955.5,1
WISHON 1101,1,0,0,0.0,0.0,15.76738006395457,0.2789622316604826,2592.5,4
WOOD 0401,0,0,0,0.0,0.0,11.26975766175292,0.1439444178934331,3892.3333333333335,2
WOODACRE 1101,0,0,0,0.0,0.0,12.448946709073224,0.1751809815987771,5517.5,0
WOODACRE 1102,0,0,0,0.0,0.0,11.432617914560304,0.1480808142714946,3164.0,0
WOODSIDE 1101,0,0,0,0.0,0.0,14.470661088813731,0.2356392185843656,1567.0,2
WOODSIDE 1102,1,0,0,0.0,0.0,14.470661088813731,0.2356392185843656,9436.0,2
WOODSIDE 1104,0,0,0,0.0,0.0,14.470661088813731,0.2356392185843656,4326.0,2
WOODWARD 2108,0,0,0,0.0,0.0,15.797868646367924,0.2800232786485468,680.1666666666666,4
WYANDOTTE 1102,0,0,0,0.0,0.0,16.918278115424652,0.3203601753187659,2504.0,1
WYANDOTTE 1103,0,0,0,0.0,0.0,16.779095678202196,0.3152071990078412,888.75,1
WYANDOTTE 1105,0,0,0,0.0,0.0,17.12856680724532,0.3282219995199443,2504.0,1
WYANDOTTE 1106,0,0,0,0.0,0.0,17.040862703628356,0.3249319545762522,2535.5,1
WYANDOTTE 1107,0,0,0,0.0,0.0,16.573172679381056,0.3076571152560832,2474.0,1
WYANDOTTE 1109,0,0,0,0.0,0.0,16.918278115424652,0.3203601753187659,4352.0,1
WYANDOTTE 1110,1,0,0,0.0,0.0,16.918278115424652,0.3203601753187659,8555.0,1
ZACA 1101,0,0,0,0.0,0.0,19.311624623245624,0.4152304331968727,1057.3333333333333,3
ZACA 1102,0,0,0,0.0,0.0,19.311624623245624,0.4152304331968727,1057.3333333333333,3
