unit,x_star,y_star,z_final,u_worst,u_L,u_T,mu_hat,p_i,g_idx
ALHAMBRA 1102,0,0,0,3.921141325222513,0.0,3.921141325222513,0.1635752966400417,6257.0,2
ALHAMBRA 1105,0,0,0,4.354064287663125,0.0,4.354064287663125,0.2095731175025462,2740.5,3
ALLEGHANY 1101,1,1,0,14.469355387345225,0.0,14.469355387345225,0.2984041185403162,1618.0,1
ALLEGHANY 1102,1,1,0,13.658649224663217,0.0,13.658649224663217,0.2867039831017419,1068.5,2
ALTO 1120,0,0,0,3.129639272482594,0.0,3.129639272482594,0.1340192451613258,15676.0,2
ALTO 1122,0,0,0,2.841267308262257,0.0,2.841267308262257,0.1340192451613259,2899.5,2
ALTO 1123,0,0,0,3.5874650554352545,0.0,3.5874650554352545,0.1340192451613259,2795.0,0
ALTO 1124,0,0,0,3.691581431398432,0.0,3.691581431398432,0.1373643997419741,10515.0,2
ALTO 1125,0,0,0,3.6902556671098905,0.0,3.6902556671098905,0.1373643997419741,5408.5,4
ANDERSON 1101,0,0,0,8.55396431608974,0.0,8.55396431608974,0.3491185739346266,5357.0,2
ANDERSON 1103,0,0,0,9.425332890562428,0.0,9.425332890562428,0.3491185739346266,1315.5,2
ANITA 1106,0,0,0,9.42066339605231,0.0,9.42066339605231,0.3491536536908292,767.875,0
ANNAPOLIS 1101,0,0,0,6.492866004573182,0.0,6.492866004573182,0.2902905430808851,727.0,2
ANTELOPE 1101,0,0,0,12.26647274756489,0.0,12.26647274756489,0.4436056904362941,164.77272727272728,2
ANTLER 1101,0,0,0,8.168204143413051,0.0,8.168204143413051,0.363879554161481,4890.0,3
APPLE HILL 1103,1,1,0,14.707779074727233,0.0,14.707779074727233,0.2776504501404829,4209.5,2
APPLE HILL 1104,1,1,0,14.409676033925674,0.0,14.409676033925674,0.2776504501404829,1701.5,1
APPLE HILL 2102,1,1,0,14.659702327665585,0.0,14.659702327665585,0.2888917678832438,2137.0,2
ARCATA 1121,0,0,0,8.442554143049815,0.0,8.442554143049815,0.3752722082662825,5859.5,1
ARCATA 1122,0,0,0,11.68754210801782,0.0,11.68754210801782,0.3752722082662825,2574.5,4
ARLINGTON 0401,0,0,0,4.721947656507303,0.0,4.721947656507303,0.1496956108818659,5336.0,1
ARVIN 1101,0,0,0,11.917270817059444,0.0,11.917270817059444,0.3663343729028423,500.42857142857144,1
ATASCADERO 1101,0,0,0,5.902724153445146,0.0,5.902724153445146,0.2432701861441749,11520.0,1
ATASCADERO 1102,0,0,0,7.457964738192249,0.0,7.457964738192249,0.2205447526091054,6462.0,1
ATASCADERO 1103,0,0,0,5.887227864886021,0.0,5.887227864886021,0.2382183044421203,6120.0,4
AUBERRY 1101,0,0,0,8.252509201223358,0.0,8.252509201223358,0.2810984389086185,1059.5,3
AUBERRY 1102,0,0,0,7.029062298582882,0.0,7.029062298582882,0.2582508961592173,1059.5,1
AUBURN 1101,1,1,0,14.580138239595962,0.0,14.580138239595962,0.2817032805625278,4632.0,4
AUBURN 1102,1,1,0,14.705981337436944,0.0,14.705981337436944,0.2817032805625278,1546.3333333333333,3
BALCH NO 1 1101,0,0,0,8.04102226489223,0.0,8.04102226489223,0.251780587112129,580.0,2
BANCROFT 0401,0,0,0,4.064108608352256,0.0,4.064108608352256,0.1668966065400982,10746.0,0
BANCROFT 0402,0,0,0,3.543075710815017,0.0,3.543075710815017,0.1668966065400982,4121.0,0
BANGOR 1101,1,1,0,13.870649113216984,0.0,13.870649113216984,0.2930695656602289,1062.3333333333333,4
BASALT 1106,0,0,0,4.1712594543291805,0.0,4.1712594543291805,0.180120273870399,905.5,4
BAY MEADOWS 1105,0,0,0,4.835587670127575,0.0,4.835587670127575,0.1777203718296654,2459.5,0
BAY MEADOWS 2102,0,0,0,5.1123849620487345,0.0,5.1123849620487345,0.1777203718296654,1854.3333333333333,0
BAYWOOD 1101,0,0,0,6.979648895736819,0.0,6.979648895736819,0.2299406326958248,1230.0,2
BEAR VALLEY 2101,0,0,0,11.943098462090532,0.0,11.943098462090532,0.2729774554854866,5038.5,4
BEAR VALLEY 2105,0,0,0,12.750447783104224,0.0,12.750447783104224,0.2416985108781029,1603.0,4
BELL 1107,1,1,0,14.784358157972878,0.0,14.784358157972878,0.2943202708546338,8348.0,4
BELL 1108,1,1,0,15.314489342816229,0.0,15.314489342816229,0.2770129026239901,4663.0,3
BELL 1109,1,1,0,16.43531939313113,0.0,16.43531939313113,0.2817032805625278,3026.0,1
BELL 1110,1,1,0,14.52692362038517,0.0,14.52692362038517,0.2817032805625278,2955.5,4
BELLEVUE 1102,0,0,0,5.481188019287342,0.0,5.481188019287342,0.1958922070110017,3311.0,1
BELLEVUE 2101,0,0,0,5.37553453570384,0.0,5.37553453570384,0.2286842710575535,725.5,3
BELMONT 1103,0,0,0,5.977286840713701,0.0,5.977286840713701,0.2356392185843656,8404.0,3
BELMONT 1110,0,0,0,5.01650701363203,0.0,5.01650701363203,0.1747862005450409,2556.6666666666665,4
BEN LOMOND 0401,0,0,0,6.139559845273069,0.0,6.139559845273069,0.3315867486782396,2509.5,4
BEN LOMOND 1101,0,0,0,7.715642407057484,0.0,7.715642407057484,0.3315867486782396,2705.5,4
BERESFORD 0402,0,0,0,4.817722814773102,0.0,4.817722814773102,0.1777203718296654,7115.333333333333,1
BERESFORD 0403,0,0,0,4.244969165493892,0.0,4.244969165493892,0.1777203718296654,1856.5,0
BERKELEY F 0402,0,0,0,3.5759760976647863,0.0,3.5759760976647863,0.1496956108818659,5065.0,0
BERKELEY F 1103,0,0,0,3.7490511507644824,0.0,3.7490511507644824,0.1439444178934331,9660.333333333334,2
BERKELEY F 1105,0,0,0,3.571651097238639,0.0,3.571651097238639,0.1496956108818659,3386.0,2
BIG BASIN 1101,0,0,0,7.683294291866731,0.0,7.683294291866731,0.3315867486782396,2705.5,1
BIG BASIN 1102,0,0,0,9.850200871395714,0.0,9.850200871395714,0.3745968482747748,6007.0,1
BIG BEND 1101,1,1,0,18.78691974417227,0.0,18.78691974417227,0.3247592105595428,1418.0,0
BIG BEND 1102,1,1,0,16.114553746956393,0.0,16.114553746956393,0.3152071990078412,888.75,4
BIG MEADOWS 2101,1,1,0,14.181011576627096,0.0,14.181011576627096,0.2850945344630903,10046.666666666666,2
BIG RIVER 1101,0,0,0,8.583707783275667,0.0,8.583707783275667,0.3655532106330356,2443.0,1
BOGARD 1101,0,0,0,10.172562844690145,0.0,10.172562844690145,0.2670159572545595,9832.0,3
BOLINAS 1101,0,0,0,4.389762813575777,0.0,4.389762813575777,0.1722401837559592,2111.0,3
BONNIE NOOK 1101,1,1,0,13.666835392387826,0.0,13.666835392387826,0.2886191150534097,566.6,3
BONNIE NOOK 1102,1,1,0,13.932217144250506,0.0,13.932217144250506,0.2886191150534097,566.6,0
BRENTWOOD 2105,0,0,0,4.594916279723718,0.0,4.594916279723718,0.2200026030608158,1293.0,0
BRENTWOOD 2111,0,0,0,5.5753107794507,0.0,5.5753107794507,0.242836234722468,11610.5,4
BRIDGEVILLE 1101,0,0,0,8.005812452755752,0.0,8.005812452755752,0.3494074889921884,1358.0,2
BRIDGEVILLE 1102,0,0,0,8.550720130472707,0.0,8.550720130472707,0.3568741955928834,1358.0,0
BROWNS VALLEY 1101,1,1,0,14.31326093046113,0.0,14.31326093046113,0.3061409753874914,1967.5,1
BRUNSWICK 1102,0,0,0,13.065014370596586,0.0,13.065014370596586,0.2768998464565133,7581.0,3
BRUNSWICK 1103,0,0,0,12.16118512252388,0.0,12.16118512252388,0.2657961570865212,2644.5,2
BRUNSWICK 1104,1,1,0,14.31734003972728,0.0,14.31734003972728,0.2657961570865212,6700.0,3
BRUNSWICK 1105,1,1,0,16.99071662326861,0.0,16.99071662326861,0.2768998464565133,2644.5,4
BRUNSWICK 1106,1,1,0,14.76569158940404,0.0,14.76569158940404,0.2739072022885732,4079.0,3
BRUNSWICK 1107,1,1,0,15.570304586551712,0.0,15.570304586551712,0.2657961570865212,7037.0,4
BRUNSWICK 1110,0,0,0,12.802975211336747,0.0,12.802975211336747,0.2657961570865212,6373.0,4
BUCKS CREEK 1103,1,1,0,14.781704804895323,0.0,14.781704804895323,0.3453417365018092,854.6666666666666,3
BUELLTON 1101,0,0,0,9.59376082430254,0.0,9.59376082430254,0.3785701810304848,6937.5,4
BUELLTON 1102,0,0,0,12.021163876146638,0.0,12.021163876146638,0.3785701810304848,3914.0,4
BURNEY 1101,0,0,0,6.714137126871187,0.0,6.714137126871187,0.2507912721617522,1384.6666666666667,1
BURNEY 1102,0,0,0,5.725744598967664,0.0,5.725744598967664,0.2507912721617522,1384.6666666666667,3
BURNS 2101,0,0,0,7.6698721108333405,0.0,7.6698721108333405,0.3315867486782396,5661.5,1
BUTTE 1105,1,1,0,17.73297647879469,0.0,17.73297647879469,0.353773154364538,1246.6666666666667,3
CABRILLO 1103,0,0,0,8.625004909771365,0.0,8.625004909771365,0.2842961477978594,2496.0,2
CABRILLO 1104,0,0,0,8.977097352692866,0.0,8.977097352692866,0.2873862513608943,46690.5,4
CAL WATER 1102,1,1,0,13.817443254530422,0.0,13.817443254530422,0.4037737131705554,6749.0,3
CALAVERAS CEMENT 1101,1,1,0,16.199498081817254,0.0,16.199498081817254,0.3012336855997029,2172.0,4
CALISTOGA 1101,0,0,0,4.988778537595818,0.0,4.988778537595818,0.227214119609053,569.0,0
CALISTOGA 1102,0,0,0,4.591850219975346,0.0,4.591850219975346,0.2018746836120796,5797.0,2
CALPELLA 1101,0,0,0,8.005013867055267,0.0,8.005013867055267,0.2870048203027012,3009.0,3
CALPELLA 1102,0,0,0,7.297981606296494,0.0,7.297981606296494,0.3029608122920628,4236.0,1
CAMP EVERS 2103,0,0,0,5.45216129265218,0.0,5.45216129265218,0.2299891727424387,17638.0,3
CAMP EVERS 2104,0,0,0,6.036184663357623,0.0,6.036184663357623,0.2854333432860648,5231.0,1
CAMP EVERS 2105,0,0,0,6.075914424368266,0.0,6.075914424368266,0.2854333432860648,4735.0,3
CAMP EVERS 2106,0,0,0,5.758081442001797,0.0,5.758081442001797,0.2854333432860648,3450.0,3
CAMPHORA 1101,0,0,0,9.393904118968557,0.0,9.393904118968557,0.3557404737378214,1716.0,3
CARLOTTA 1121,0,0,0,11.138542989035512,0.0,11.138542989035512,0.3912630070445833,1358.0,0
CAROLANDS 0401,0,0,0,4.16249173703446,0.0,4.16249173703446,0.1777203718296654,1944.0,4
CAROLANDS 0404,0,0,0,4.34361482434679,0.0,4.34361482434679,0.1777203718296654,1854.3333333333333,4
CASTRO VALLEY 1102,0,0,0,4.4695427132432455,0.0,4.4695427132432455,0.2127025941210747,8877.0,4
CASTRO VALLEY 1105,0,0,0,3.7888815495869177,0.0,3.7888815495869177,0.1668966065400982,10696.5,0
CASTRO VALLEY 1108,0,0,0,4.9939414292120725,0.0,4.9939414292120725,0.2127025941210747,13970.0,1
CASTRO VALLEY 1110,0,0,0,4.562679682279258,0.0,4.562679682279258,0.2127025941210747,3863.0,3
CASTRO VALLEY 1111,0,0,0,4.92951739417741,0.0,4.92951739417741,0.2127025941210747,3863.0,2
CAYETANO 2109,0,0,0,4.236152025413194,0.0,4.236152025413194,0.2037629139079177,2890.5,1
CAYETANO 2111,0,0,0,5.05865731143564,0.0,5.05865731143564,0.2037629139079177,2890.5,3
CAYUCOS 1101,0,0,0,8.755043571563213,0.0,8.755043571563213,0.2301678350827204,528.8,2
CAYUCOS 1102,0,0,0,6.761337172213149,0.0,6.761337172213149,0.211229120188794,3033.8,4
CEDAR CREEK 1101,0,0,0,6.4080605773772,0.0,6.4080605773772,0.2808273148644643,1115.3333333333333,0
CHALLENGE 1101,1,1,0,16.44895515759698,0.0,16.44895515759698,0.2960399536627141,888.75,1
CHALLENGE 1102,0,0,0,12.637565509750582,0.0,12.637565509750582,0.2890313061558083,1062.3333333333333,1
CHESTER 1101,0,0,0,10.791595644515128,0.0,10.791595644515128,0.2709736601316141,1100.0,0
CHESTER 1102,1,1,0,13.948341549140768,0.0,13.948341549140768,0.2709736601316141,1100.0,4
CHOLAME 1101,0,0,0,9.10570783543813,0.0,9.10570783543813,0.3722639968901441,1620.5,3
CHOLAME 2102,0,0,0,9.429652955280584,0.0,9.429652955280584,0.3161617473478479,3949.0,4
CLARK ROAD 1101,1,1,0,17.732683925621625,0.0,17.732683925621625,0.3255202697578397,899.5,0
CLARK ROAD 1102,1,1,0,14.98459413864606,0.0,14.98459413864606,0.3282219995199443,1851.0,4
CLARKSVILLE 2103,1,1,0,13.909746171153184,0.0,13.909746171153184,0.280163781651948,28833.0,4
CLARKSVILLE 2104,1,1,0,14.549071779973769,0.0,14.549071779973769,0.280163781651948,7238.5,2
CLARKSVILLE 2105,1,1,0,14.626717198196909,0.0,14.626717198196909,0.280163781651948,15415.0,3
CLARKSVILLE 2106,1,1,0,14.444503013493648,0.0,14.444503013493648,0.280163781651948,12843.0,2
CLARKSVILLE 2109,0,0,0,12.316980562261731,0.0,12.316980562261731,0.280163781651948,8350.5,3
CLAY 1101,1,1,0,14.857866641562978,0.0,14.857866641562978,0.2827965859094257,2863.0,3
CLAY 1102,0,0,0,12.650171459011132,0.0,12.650171459011132,0.2828404433751786,6321.0,1
CLAY 1103,1,1,0,14.794525925085615,0.0,14.794525925085615,0.2828404433751786,2148.5,4
CLAYTON 2212,0,0,0,5.473726463629598,0.0,5.473726463629598,0.2265139687202188,5000.0,2
CLAYTON 2213,0,0,0,5.481322460425324,0.0,5.481322460425324,0.2265139687202188,7995.0,2
CLAYTON 2215,0,0,0,4.812714601273208,0.0,4.812714601273208,0.1986396584880983,3464.0,1
CLAYTON 2217,0,0,0,3.6362385861369577,0.0,3.6362385861369577,0.1986396584880983,8747.0,4
CLEAR LAKE 1101,0,0,0,7.353946371768725,0.0,7.353946371768725,0.2760691105396067,6102.0,1
CLEAR LAKE 1102,0,0,0,6.208565521805357,0.0,6.208565521805357,0.2760691105396067,4123.333333333333,1
CLOVERDALE 1101,0,0,0,6.421512478669694,0.0,6.421512478669694,0.2750047496028023,6306.0,0
CLOVERDALE 1102,0,0,0,6.068206279142793,0.0,6.068206279142793,0.2777119610531596,4088.0,0
COARSEGOLD 2102,0,0,0,8.887280889532688,0.0,8.887280889532688,0.260588854858123,4398.5,1
COARSEGOLD 2103,0,0,0,8.371185125304423,0.0,8.371185125304423,0.2449786876069376,7327.5,2
COARSEGOLD 2104,0,0,0,8.86072193097722,0.0,8.86072193097722,0.2449786876069376,4536.5,4
COLUMBIA HILL 1101,1,1,0,15.864448600501849,0.0,15.864448600501849,0.2811590409925305,1068.5,4
CONTRA COSTA 2115,0,0,0,4.687405648960663,0.0,4.687405648960663,0.242836234722468,10095.0,1
COPPERMINE 1104,0,0,0,9.614457105557666,0.0,9.614457105557666,0.3160860613903453,2703.0,2
CORDELIA 1112,0,0,0,4.640395485468465,0.0,4.640395485468465,0.1838239917685919,6109.0,0
CORNING 1101,0,0,0,9.700460282604848,0.0,9.700460282604848,0.4226847497225267,1560.6666666666667,2
CORNING 1102,0,0,0,11.732256894752666,0.0,11.732256894752666,0.4226847497225267,1560.6666666666667,3
CORONA 1103,0,0,0,5.005712570156901,0.0,5.005712570156901,0.2093371008886297,6534.5,0
CORRAL 1101,1,1,0,16.686030243727366,0.0,16.686030243727366,0.2923429571095656,2198.5,1
CORRAL 1102,1,1,0,14.039476345210211,0.0,14.039476345210211,0.2923429571095656,2198.5,2
CORRAL 1103,1,1,0,15.52434084397386,0.0,15.52434084397386,0.2995932797353226,5849.0,1
CORTINA 1101,0,0,0,8.808842769604757,0.0,8.808842769604757,0.3828402083806048,2204.0,3
COTATI 1102,0,0,0,3.9171977413368375,0.0,3.9171977413368375,0.1793193144098576,8055.0,3
COTATI 1103,0,0,0,4.63201979614777,0.0,4.63201979614777,0.2069703843825971,1607.5,4
COTATI 1104,0,0,0,4.338892987543696,0.0,4.338892987543696,0.1793193144098576,13255.0,0
COTATI 1105,0,0,0,5.281408360015105,0.0,5.281408360015105,0.2069703843825971,4505.0,1
COTTONWOOD 1101,0,0,0,8.504531873045888,0.0,8.504531873045888,0.3602098437438828,2179.0,1
COTTONWOOD 1102,0,0,0,9.96549726505634,0.0,9.96549726505634,0.3561095672245616,4009.0,0
COTTONWOOD 1103,0,0,0,9.263105296249144,0.0,9.263105296249144,0.3602098437438828,2179.0,0
COVELO 1101,0,0,0,8.3268555756564,0.0,8.3268555756564,0.3098430544652296,3100.0,0
CURTIS 1701,0,0,0,12.58918066615349,0.0,12.58918066615349,0.2456797558945157,2472.0,3
CURTIS 1702,0,0,0,11.898554977902451,0.0,11.898554977902451,0.2456797558945157,8202.0,4
CURTIS 1703,0,0,0,10.585916576233526,0.0,10.585916576233526,0.2382542759082311,9736.0,3
CURTIS 1704,1,1,0,14.10381237516935,0.0,14.10381237516935,0.2611538356272093,1496.0,2
CURTIS 1705,0,0,0,11.625241779918428,0.0,11.625241779918428,0.2456797558945157,1541.0,1
CUYAMA 1103,1,1,0,13.639050981915844,0.0,13.639050981915844,0.4726453528121213,268.5,3
CUYAMA 2101,1,1,0,22.08412758816582,0.0,22.08412758816582,0.6728764395481581,5129.0,4
DEL MAR 2106,1,1,0,16.01379396798272,0.0,16.01379396798272,0.2912228233698059,1699.6666666666667,0
DEL MAR 2109,1,1,0,15.908896486706112,0.0,15.908896486706112,0.3018592780508104,3016.666666666667,0
DEL MAR 2110,1,1,0,17.59654231824652,0.0,17.59654231824652,0.2986824895175052,11013.0,4
DEL MONTE 2101,0,0,0,5.726156384705259,0.0,5.726156384705259,0.2032011225985541,7952.0,4
DEL MONTE 2102,0,0,0,5.306199594500963,0.0,5.306199594500963,0.2267773844726798,17859.0,2
DEL MONTE 2103,0,0,0,5.850219510386189,0.0,5.850219510386189,0.2267773844726798,7738.0,2
DEL MONTE 2104,0,0,0,6.231964581867828,0.0,6.231964581867828,0.2032011225985541,4163.0,0
DEL MONTE 2105,0,0,0,6.639712868386292,0.0,6.639712868386292,0.2267773844726798,1740.0,2
DESCHUTES 1101,0,0,0,8.13355277090169,0.0,8.13355277090169,0.3262574649709499,992.5,0
DESCHUTES 1104,0,0,0,10.18150766520136,0.0,10.18150766520136,0.3499981930382247,2455.0,1
DIAMOND SPRINGS 1103,1,1,0,14.483169272281131,0.0,14.483169272281131,0.2760867842990335,2414.5,3
DIAMOND SPRINGS 1104,1,1,0,14.45069039448408,0.0,14.45069039448408,0.2745513366985055,6144.0,4
DIAMOND SPRINGS 1105,0,0,0,13.58069613194653,0.0,13.58069613194653,0.2745513366985055,4077.0,2
DIAMOND SPRINGS 1106,1,1,0,14.45864729306068,0.0,14.45864729306068,0.2745513366985055,5481.0,1
DIAMOND SPRINGS 1107,0,0,0,12.774846240579944,0.0,12.774846240579944,0.2823195895401679,2414.5,1
DIVIDE 1103,0,0,0,6.895025866481212,0.0,6.895025866481212,0.2255750163524807,494.0,2
DOBBINS 1101,0,0,0,12.21371931654248,0.0,12.21371931654248,0.2828905603553556,1506.0,3
DOLAN ROAD 1101,0,0,0,3.694525681619513,0.0,3.694525681619513,0.1575999437393208,7870.5,0
DRUM 1101,1,1,0,14.291333380068586,0.0,14.291333380068586,0.3010596472906772,566.6,0
DUNBAR 1101,0,0,0,4.922056796245,0.0,4.922056796245,0.2208255926691466,5482.0,0
DUNBAR 1102,0,0,0,4.875121945598814,0.0,4.875121945598814,0.2042392373719348,1228.5,0
DUNBAR 1103,0,0,0,5.244378297077571,0.0,5.244378297077571,0.2286842710575535,4440.5,4
DUNLAP 1102,0,0,0,8.573308260458136,0.0,8.573308260458136,0.3096566099210104,847.3333333333334,1
DUNLAP 1103,0,0,0,7.504332033887347,0.0,7.504332033887347,0.2791105485215894,1323.0,0
DUNNIGAN 1103,0,0,0,7.614973144762276,0.0,7.614973144762276,0.3660631788382711,898.1666666666666,4
EAST QUINCY 1101,1,1,0,15.89485232147736,0.0,15.89485232147736,0.2937368702956983,9362.5,3
ECHO SUMMIT 1101,0,0,0,12.33856328416685,0.0,12.33856328416685,0.2600728741042454,31174.0,1
EDENVALE 1102,0,0,0,8.239915899388157,0.0,8.239915899388157,0.3778839511669999,1162.3333333333333,4
EDENVALE 1103,0,0,0,8.145405083600885,0.0,8.145405083600885,0.3778839511669999,10746.0,1
EDENVALE 2105,0,0,0,7.960356571770123,0.0,7.960356571770123,0.3778839511669999,4234.0,2
EDENVALE 2113,0,0,0,7.751360924690438,0.0,7.751360924690438,0.3778839511669999,6245.0,2
EDES 1112,0,0,0,4.7917153594729,0.0,4.7917153594729,0.2015214756618519,6766.0,3
EEL RIVER 1102,0,0,0,9.041727978116668,0.0,9.041727978116668,0.410685344462549,1091.6666666666667,0
EEL RIVER 1103,0,0,0,10.011973487827513,0.0,10.011973487827513,0.4384029374374467,1091.6666666666667,4
EL CERRITO G 1105,0,0,0,3.4455584555256404,0.0,3.4455584555256404,0.1496956108818659,4640.0,1
EL CERRITO G 1108,0,0,0,3.7986454081248926,0.0,3.7986454081248926,0.1496956108818659,3945.0,3
EL CERRITO G 1110,0,0,0,3.333243285926563,0.0,3.333243285926563,0.1496956108818659,5830.0,3
EL CERRITO G 1111,0,0,0,3.404482530776691,0.0,3.404482530776691,0.1399765884292803,7261.0,2
EL CERRITO G 1112,0,0,0,3.999782339918451,0.0,3.999782339918451,0.1399765884292803,5051.0,2
EL CERRITO G 1113,0,0,0,3.21368385207991,0.0,3.21368385207991,0.1496956108818659,5670.0,1
EL DORADO PH 2101,1,1,0,15.964005150862976,0.0,15.964005150862976,0.2987482579906868,7921.0,4
EL DORADO PH 2102,1,1,0,13.93167618871152,0.0,13.93167618871152,0.2987482579906868,7299.0,1
ELECTRA 1101,0,0,0,13.218348444246386,0.0,13.218348444246386,0.2783288604046606,1615.5,0
ELECTRA 1102,0,0,0,13.275200123147531,0.0,13.275200123147531,0.3024499538851146,1615.5,4
ELK 1101,0,0,0,8.634468811128217,0.0,8.634468811128217,0.3357827473947533,2027.0,3
ELK CREEK 1101,0,0,0,11.791012844148394,0.0,11.791012844148394,0.4590376715248263,734.0,2
EMERALD LAKE 0401,0,0,0,4.963514067836921,0.0,4.963514067836921,0.2356392185843656,2231.0,2
EMERALD LAKE 0402,0,0,0,5.171390311079613,0.0,5.171390311079613,0.2356392185843656,2231.0,2
ESTUDILLO 0401,0,0,0,3.997063831496752,0.0,3.997063831496752,0.1668966065400982,2660.0,2
EUREKA E 1104,0,0,0,9.432592168249869,0.0,9.432592168249869,0.3885043460995194,9620.0,2
FAIRMOUNT 0401,0,0,0,3.724990624729663,0.0,3.724990624729663,0.1496956108818659,4294.0,4
FAIRVIEW 2207,0,0,0,3.5307906978724173,0.0,3.5307906978724173,0.1635752966400412,5047.0,0
FITCH MOUNTAIN 1111,0,0,0,4.220022858524552,0.0,4.220022858524552,0.213466907056236,7526.0,2
FITCH MOUNTAIN 1113,0,0,0,5.335229422519474,0.0,5.335229422519474,0.2594886950916922,9141.5,3
FLINT 1101,1,1,0,14.064691462434045,0.0,14.064691462434045,0.2817032805625278,9404.0,1
FLORENCE 0401,0,0,0,3.689086689554521,0.0,3.689086689554521,0.1439444178934331,1213.6666666666667,4
FOOTHILL 1101,0,0,0,6.660115389740016,0.0,6.660115389740016,0.2299406326958248,528.8,2
FOOTHILL 1102,0,0,0,7.269632500050906,0.0,7.269632500050906,0.2321149690781912,7850.0,4
FORESTHILL 1101,0,0,0,13.280137653810828,0.0,13.280137653810828,0.2800965857765601,4028.5,2
FORESTHILL 1102,0,0,0,12.90554192036698,0.0,12.90554192036698,0.2763593126636524,3214.5,3
FORT BRAGG A 1101,0,0,0,0.0,0.0,7.663640744105425,0.31702394955382,0.0,2
FORT BRAGG A 1102,0,0,0,8.95480612391975,0.0,8.95480612391975,0.3425641557480577,2984.0,2
FORT BRAGG A 1103,0,0,0,7.622193227902808,0.0,7.622193227902808,0.3425641557480577,7689.0,0
FORT BRAGG A 1104,0,0,0,10.92057041994031,0.0,10.92057041994031,0.31702394955382,4233.0,3
FORT ORD 2106,0,0,0,5.1187191764252225,0.0,5.1187191764252225,0.2032011225985541,7186.0,0
FORT ORD 2107,0,0,0,5.086094969049748,0.0,5.086094969049748,0.1680389590087835,9136.0,1
FORT ROSS 1121,0,0,0,5.2557032572773,0.0,5.2557032572773,0.2313402903508539,1472.0,2
FORT SEWARD 1121,0,0,0,8.099784424367641,0.0,8.099784424367641,0.3031374024568164,637.0,4
FORT SEWARD 1122,0,0,0,6.254494099371037,0.0,6.254494099371037,0.3031374024568164,637.0,1
FRANKLIN 1101,0,0,0,3.4648292526021836,0.0,3.4648292526021836,0.1613740386438863,9979.0,3
FRANKLIN 1102,0,0,0,3.1772891909114147,0.0,3.1772891909114147,0.1613740386438863,6827.0,2
FRANKLIN 1104,0,0,0,3.84355870793702,0.0,3.84355870793702,0.1613740386438863,13661.5,0
FREMONT 1104,0,0,0,5.076733018385593,0.0,5.076733018385593,0.2403942944545382,8501.0,0
FRENCH GULCH 1101,0,0,0,9.68582889813933,0.0,9.68582889813933,0.3500184045550564,7783.8,3
FRENCH GULCH 1102,0,0,0,8.474808011373486,0.0,8.474808011373486,0.3500184045550564,692.8,4
FROGTOWN 1701,1,1,0,15.46679932863209,0.0,15.46679932863209,0.2835120136844423,3839.0,0
FROGTOWN 1702,1,1,0,15.013074201608994,0.0,15.013074201608994,0.2887577067618585,6668.0,3
FRUITLAND 1141,0,0,0,9.12690252297735,0.0,9.12690252297735,0.4401740750983011,637.0,1
FRUITLAND 1142,0,0,0,9.058846163563606,0.0,9.058846163563606,0.3620841700848782,637.0,0
FULTON 1102,0,0,0,4.712707584502451,0.0,4.712707584502451,0.2291163977485995,1978.5,4
FULTON 1104,0,0,0,5.131302205972938,0.0,5.131302205972938,0.2291163977485995,6488.5,0
FULTON 1107,0,0,0,4.7676211545393405,0.0,4.7676211545393405,0.2291163977485995,5122.0,3
GABILAN 1101,0,0,0,5.917522721023458,0.0,5.917522721023458,0.2247997541704771,1321.3333333333333,1
GANSNER 1101,1,1,0,14.59692787484516,0.0,14.59692787484516,0.2993556950531337,3883.5,1
GARBERVILLE 1101,0,0,0,6.228552302103734,0.0,6.228552302103734,0.3188676084247825,637.0,0
GARBERVILLE 1102,0,0,0,8.535299183009162,0.0,8.535299183009162,0.3531260095113228,1638.0,0
GARBERVILLE 1103,0,0,0,5.544970223363123,0.0,5.544970223363123,0.3256816892661539,3111.0,2
GEYSERVILLE 1101,0,0,0,5.492401062271551,0.0,5.492401062271551,0.2816122061694724,1117.5,0
GEYSERVILLE 1102,0,0,0,5.798089781821359,0.0,5.798089781821359,0.2594886950916922,3399.0,1
GIRVAN 1101,0,0,0,9.091585878877318,0.0,9.091585878877318,0.3742215655702544,692.8,1
GIRVAN 1102,0,0,0,10.375399705762163,0.0,10.375399705762163,0.3541559433630867,54181.0,0
GLENN 1101,0,0,0,9.886342391915775,0.0,9.886342391915775,0.4564735151613715,2483.5,0
GOLDTREE 1105,0,0,0,6.129686101840471,0.0,6.129686101840471,0.2321149690781912,9101.0,0
GOLDTREE 1107,0,0,0,7.659728225427745,0.0,7.659728225427745,0.2321149690781912,5036.0,3
GOLDTREE 1108,0,0,0,8.196595027771696,0.0,8.196595027771696,0.2321149690781912,7778.0,3
GONZALES 1101,0,0,0,8.198204734356528,0.0,8.198204734356528,0.3557404737378214,1256.8,3
GONZALES 1104,0,0,0,8.827291836321143,0.0,8.827291836321143,0.3562838363203374,1256.8,2
GRASS VALLEY 1101,0,0,0,11.453733036847192,0.0,11.453733036847192,0.2739072022885732,3405.0,0
GRASS VALLEY 1102,0,0,0,11.836340713644676,0.0,11.836340713644676,0.2657961570865212,4718.0,2
GRASS VALLEY 1103,0,0,0,13.072612608505636,0.0,13.072612608505636,0.2739072022885732,2496.0,2
GRAYS FLAT 0401,1,1,0,15.01261947572457,0.0,15.01261947572457,0.2993556950531337,854.6666666666666,3
GREEN VALLEY 2101,0,0,0,4.7970722072450895,0.0,4.7970722072450895,0.2054053106682027,4919.5,1
GREENBRAE 1102,0,0,0,3.166988405386353,0.0,3.166988405386353,0.1340192451613259,3567.0,3
GREENBRAE 1103,0,0,0,3.964217042167767,0.0,3.964217042167767,0.1340192451613259,8821.0,3
GREENBRAE 1104,0,0,0,3.90335482890516,0.0,3.90335482890516,0.1340192451613259,2795.0,4
GUALALA 1111,0,0,0,7.567406968628087,0.0,7.567406968628087,0.3441508789483292,787.0,1
GUALALA 1112,0,0,0,7.340503870963118,0.0,7.340503870963118,0.3681398159938146,2218.0,0
HAAS 2101,0,0,0,7.187828146352414,0.0,7.187828146352414,0.2554798767734626,580.0,0
HALF MOON BAY 1101,0,0,0,5.150746605149394,0.0,5.150746605149394,0.2131989883061476,8460.0,1
HALF MOON BAY 1102,0,0,0,4.050173077436527,0.0,4.050173077436527,0.1777203718296654,12100.0,2
HALF MOON BAY 1103,0,0,0,7.822150297108836,0.0,7.822150297108836,0.3200541962921181,4299.0,1
HALSEY 1101,1,1,0,14.424876897673007,0.0,14.424876897673007,0.2770129026239901,4462.0,0
HALSEY 1102,0,0,0,13.25687726067686,0.0,13.25687726067686,0.2770129026239901,3026.0,4
HAMILTON BRANCH 1101,0,0,0,12.05282798987155,0.0,12.05282798987155,0.2601856735532823,1780.0,0
HARRIS 1108,0,0,0,9.853372044703704,0.0,9.853372044703704,0.3885043460995194,5496.0,4
HARRIS 1109,0,0,0,10.82087668262806,0.0,10.82087668262806,0.3885043460995194,6717.0,0
HARTLEY 1101,0,0,0,7.301737259432628,0.0,7.301737259432628,0.3036284661891196,1348.3333333333333,1
HARTLEY 1102,0,0,0,8.556928525661025,0.0,8.556928525661025,0.3036284661891196,4463.333333333333,4
HATTON 1101,0,0,0,8.05027292621017,0.0,8.05027292621017,0.3050438317572728,3620.5,4
HATTON 1102,0,0,0,8.997428723957874,0.0,8.997428723957874,0.3010562226717381,1021.5,4
HICKS 1115,0,0,0,9.633217208523805,0.0,9.633217208523805,0.4065517510377087,9469.0,0
HICKS 1116,0,0,0,8.797091040054061,0.0,8.797091040054061,0.4065517510377087,8031.0,3
HICKS 2101,0,0,0,10.135502361494996,0.0,10.135502361494996,0.4065517510377087,10408.0,4
HICKS 2103,0,0,0,9.527862205727017,0.0,9.527862205727017,0.4065517510377087,10978.0,1
HICKS 2105,0,0,0,9.20220120970366,0.0,9.20220120970366,0.4065517510377087,7276.0,1
HIGGINS 1103,0,0,0,10.9950297190782,0.0,10.9950297190782,0.2732402651827358,2807.0,3
HIGGINS 1104,1,1,0,14.43910803389993,0.0,14.43910803389993,0.2739072022885732,6977.0,2
HIGGINS 1107,1,1,0,16.768662454789684,0.0,16.768662454789684,0.2770129026239901,1933.0,2
HIGGINS 1109,1,1,0,15.566278438942993,0.0,15.566278438942993,0.286346157194703,2672.0,3
HIGGINS 1110,1,1,0,16.38518853186648,0.0,16.38518853186648,0.2770129026239901,6010.0,4
HIGHLANDS 1102,0,0,0,6.313413864794646,0.0,6.313413864794646,0.298928565946706,4757.0,1
HIGHLANDS 1103,0,0,0,6.0894020613120565,0.0,6.0894020613120565,0.2842461530799919,3414.0,3
HIGHLANDS 1104,0,0,0,6.127593289964273,0.0,6.127593289964273,0.2842461530799919,7627.0,0
HILLSDALE 0404,0,0,0,4.436913684537989,0.0,4.436913684537989,0.1777203718296654,2617.0,4
HOLLISTER 2102,0,0,0,4.644922487048132,0.0,4.644922487048132,0.2041937613763037,2710.5,0
HOLLISTER 2104,0,0,0,5.015123593829726,0.0,5.015123593829726,0.2309821006568838,2710.5,0
HOLLISTER 2105,0,0,0,8.404076735779661,0.0,8.404076735779661,0.3277027635579758,890.25,2
HOLLISTER 2106,0,0,0,5.172122267404315,0.0,5.172122267404315,0.2309821006568838,5581.25,4
HOLLYWOOD 0401,0,0,0,3.2102760266613943,0.0,3.2102760266613943,0.1439444178934331,7215.0,1
HONCUT 1102,1,1,0,15.23551669854247,0.0,15.23551669854247,0.3394244819807199,1198.0,2
HOOPA 1101,0,0,0,8.645548704411025,0.0,8.645548704411025,0.3296683347153371,4144.333333333333,0
HOPLAND 1101,0,0,0,6.924312606769826,0.0,6.924312606769826,0.3062985269619255,2053.0,2
HORSESHOE 1101,1,1,0,13.70187323080386,0.0,13.70187323080386,0.2912228233698059,1699.6666666666667,4
HORSESHOE 1104,1,1,0,17.02593504243421,0.0,17.02593504243421,0.2912228233698059,7257.0,1
HUMBOLDT BAY 1102,0,0,0,10.587472477668111,0.0,10.587472477668111,0.3744534704246011,2170.5,0
IGNACIO 1101,0,0,0,3.887680844709752,0.0,3.887680844709752,0.1480808142714946,10350.0,3
IGNACIO 1103,0,0,0,2.5895550890345955,0.0,2.5895550890345955,0.1407945370541865,6812.0,3
IGNACIO 1104,0,0,0,4.1412063486138715,0.0,4.1412063486138715,0.185898149054422,1483.0,2
IGNACIO 1105,0,0,0,4.538256336191697,0.0,4.538256336191697,0.1480808142714946,8458.0,1
INDIAN FLAT 1104,0,0,0,11.352019853287622,0.0,11.352019853287622,0.2873031168837457,944.0,0
IONE 1101,1,1,0,14.58286863619604,0.0,14.58286863619604,0.2827965859094257,9466.0,3
JAMESON 1102,0,0,0,3.654574406946907,0.0,3.654574406946907,0.1838239917685919,2633.5,4
JAMESON 1103,0,0,0,4.8400310108815985,0.0,4.8400310108815985,0.1594173733652279,7541.5,2
JAMESON 1105,0,0,0,4.264955374251412,0.0,4.264955374251412,0.1838239917685919,2482.0,4
JARVIS 1101,0,0,0,5.127372926896416,0.0,5.127372926896416,0.2245306063045106,15037.0,0
JARVIS 1108,0,0,0,5.23394642763368,0.0,5.23394642763368,0.2245306063045106,3409.0,3
JARVIS 1111,0,0,0,5.39227724652464,0.0,5.39227724652464,0.2245306063045106,11781.0,2
JESSUP 1101,0,0,0,12.075703457932748,0.0,12.075703457932748,0.3742215655702544,2713.0,1
JESSUP 1102,0,0,0,10.247502812907078,0.0,10.247502812907078,0.3561095672245616,2713.0,4
JESSUP 1103,0,0,0,10.774536864599831,0.0,10.774536864599831,0.3561095672245616,7331.5,3
JOLON 1102,1,1,0,13.404259709474934,0.0,13.404259709474934,0.4155205611264064,444.7142857142857,4
JOLON 1103,0,0,0,9.72573983854684,0.0,9.72573983854684,0.4676570580342966,444.7142857142857,2
KANAKA 1101,1,1,0,14.818325161303996,0.0,14.818325161303996,0.2890313061558083,888.75,2
KERCKHOFF 1101,0,0,0,9.34126421482512,0.0,9.34126421482512,0.2789622316604826,680.1666666666666,2
KERN OIL 1106,1,1,0,14.072007268277222,0.0,14.072007268277222,0.4037737131705554,681.5,0
KESWICK 1101,0,0,0,8.956400232078483,0.0,8.956400232078483,0.372168578941239,5329.8,0
KING CITY 1103,0,0,0,9.09000395209966,0.0,9.09000395209966,0.3935546331490793,1858.0,4
KIRKER 2104,0,0,0,5.220286830561423,0.0,5.220286830561423,0.2118321547367994,14948.0,3
KONOCTI 1102,0,0,0,5.802432070777989,0.0,5.802432070777989,0.2898141384422345,1763.0,1
KONOCTI 1108,0,0,0,6.2343279884993965,0.0,6.2343279884993965,0.2743525514107197,6716.0,0
LAKEVILLE 1102,0,0,0,4.010002727878629,0.0,4.010002727878629,0.2093371008886297,1483.0,3
LAKEWOOD 1102,0,0,0,4.43368565974202,0.0,4.43368565974202,0.2095731175025464,3644.0,4
LAKEWOOD 2107,0,0,0,4.033896257932112,0.0,4.033896257932112,0.2095731175025464,3508.0,4
LAKEWOOD 2109,0,0,0,4.655220856020982,0.0,4.655220856020982,0.1986396584880983,2320.0,0
LAKEWOOD 2110,0,0,0,5.084114395597888,0.0,5.084114395597888,0.1986396584880983,3555.0,0
LAKEWOOD 2224,0,0,0,4.93549142215661,0.0,4.93549142215661,0.1986396584880983,4045.0,3
LAKEWOOD 2227,0,0,0,4.588417219185276,0.0,4.588417219185276,0.1986396584880983,9044.0,0
LAMONT 1104,0,0,0,11.17764944675759,0.0,11.17764944675759,0.3119687848374832,500.42857142857144,0
LAS GALLINAS A 1104,0,0,0,3.3849444402985465,0.0,3.3849444402985465,0.1480808142714946,11035.0,3
LAS GALLINAS A 1105,0,0,0,3.214824338942667,0.0,3.214824338942667,0.1480808142714946,3153.0,2
LAS GALLINAS A 1106,0,0,0,4.236839920317865,0.0,4.236839920317865,0.1407945370541865,3153.0,4
LAS GALLINAS A 1107,0,0,0,4.005454094487121,0.0,4.005454094487121,0.1407945370541865,5058.0,2
LAS POSITAS 2108,0,0,0,5.195762636824922,0.0,5.195762636824922,0.2037629139079177,4695.0,3
LAS PULGAS 0401,0,0,0,5.104620033175603,0.0,5.104620033175603,0.2356392185843656,4733.0,1
LAURELES 1111,0,0,0,8.504392356460617,0.0,8.504392356460617,0.3685314152467749,2558.0,1
LAURELES 1112,0,0,0,6.6506874228416315,0.0,6.6506874228416315,0.3050438317572728,3631.0,0
LAYTONVILLE 1101,0,0,0,7.463851772237856,0.0,7.463851772237856,0.2974522775653517,2133.5,4
LAYTONVILLE 1102,0,0,0,7.465631104028051,0.0,7.465631104028051,0.291387475538082,2133.5,1
LINCOLN 1101,1,1,0,17.111776001158315,0.0,17.111776001158315,0.3018592780508104,6340.0,3
LINCOLN 1104,1,1,0,15.457044146141186,0.0,15.457044146141186,0.3018592780508104,3129.0,1
LINCOLN 2109,1,1,0,14.474716010527263,0.0,14.474716010527263,0.3018592780508104,6357.0,4
LIVERMORE 1104,0,0,0,4.345117163895767,0.0,4.345117163895767,0.2037629139079177,6435.0,0
LLAGAS 2101,0,0,0,5.528648458688916,0.0,5.528648458688916,0.2295193102238172,1177.0,1
LLAGAS 2103,0,0,0,6.067813727661397,0.0,6.067813727661397,0.2158815974937743,7643.0,2
LLAGAS 2104,0,0,0,5.448924969217634,0.0,5.448924969217634,0.1933282705909671,3895.5,2
LLAGAS 2105,0,0,0,5.298837281463876,0.0,5.298837281463876,0.1933282705909671,19946.0,2
LLAGAS 2106,0,0,0,4.527427853771471,0.0,4.527427853771471,0.1933282705909671,1177.0,2
LLAGAS 2107,0,0,0,5.974016993274326,0.0,5.974016993274326,0.2158815974937743,13659.5,4
LOGAN CREEK 2102,0,0,0,12.148442987082769,0.0,12.148442987082769,0.4691618169150381,734.0,2
LONE TREE 2105,0,0,0,5.628306835062141,0.0,5.628306835062141,0.242836234722468,4700.0,1
LOS COCHES 1101,0,0,0,8.500898664511361,0.0,8.500898664511361,0.3796238031769783,1418.0,1
LOS GATOS 1101,0,0,0,10.012182320938752,0.0,10.012182320938752,0.4162760622487171,3012.0,3
LOS GATOS 1102,0,0,0,11.03448305807136,0.0,11.03448305807136,0.4162760622487171,2077.0,1
LOS GATOS 1106,0,0,0,9.039270397872489,0.0,9.039270397872489,0.4162760622487171,2092.5,2
LOS GATOS 1107,0,0,0,5.9585163459369035,0.0,5.9585163459369035,0.2787655501751225,5671.5,3
LOS GATOS 1108,0,0,0,9.765212440246296,0.0,9.765212440246296,0.4162760622487171,4870.0,0
LOS MOLINOS 1101,0,0,0,9.174147157146376,0.0,9.174147157146376,0.3528192746648293,1167.5,0
LOS OSITOS 2102,0,0,0,7.332658902134364,0.0,7.332658902134364,0.3625982139666927,823.4,2
LOS OSITOS 2103,0,0,0,11.260050962215637,0.0,11.260050962215637,0.4637824784244976,9216.0,4
LOW GAP 1101,0,0,0,7.411235011373438,0.0,7.411235011373438,0.3508363321982476,7007.0,1
LOYOLA 1102,0,0,0,8.241290422996112,0.0,8.241290422996112,0.3394009926369153,4702.0,1
LUCERNE 1103,0,0,0,6.119410061932085,0.0,6.119410061932085,0.2571314755441321,4543.0,2
LUCERNE 1106,0,0,0,5.737970956071108,0.0,5.737970956071108,0.2743525514107197,3416.0,1
MADISON 1105,0,0,0,6.4425417966434715,0.0,6.4425417966434715,0.3206568073149389,1903.0,3
MADISON 2101,0,0,0,7.884327348826508,0.0,7.884327348826508,0.3328014944176402,1903.0,1
MAGUNDEN 1108,1,1,0,14.784462919693356,0.0,14.784462919693356,0.4037737131705554,1871.5,3
MAPLE CREEK 1101,0,0,0,10.984424643123296,0.0,10.984424643123296,0.4238441515438116,1713.6666666666667,4
MARIPOSA 2101,0,0,0,12.892296326420876,0.0,12.892296326420876,0.2644151197258788,6633.0,2
MARIPOSA 2102,0,0,0,7.731409328065351,0.0,7.731409328065351,0.2466877103229222,1309.5,3
MARTELL 1101,0,0,0,12.493273021442947,0.0,12.493273021442947,0.2765532499591941,1578.0,4
MARTELL 1102,1,1,0,13.743740069886517,0.0,13.743740069886517,0.2765532499591941,5146.0,0
MARTELL 1103,0,0,0,13.504294015589696,0.0,13.504294015589696,0.2765532499591941,2148.5,4
MAXWELL 1105,0,0,0,11.58579136354726,0.0,11.58579136354726,0.4339604978486582,567.5,2
MC ARTHUR 1101,0,0,0,7.680599994724794,0.0,7.680599994724794,0.2641139691321262,802.25,2
MC ARTHUR 1102,0,0,0,6.509799575604266,0.0,6.509799575604266,0.2791869547294519,802.25,0
MC KEE 1103,0,0,0,8.547388730193303,0.0,8.547388730193303,0.3423792504350225,15455.5,2
MC KEE 1107,0,0,0,8.095167668369184,0.0,8.095167668369184,0.3423792504350225,12669.5,0
MC KEE 1108,0,0,0,9.8949025224183,0.0,9.8949025224183,0.3913911555777943,10339.0,1
MC KEE 1111,0,0,0,7.726753067010219,0.0,7.726753067010219,0.3423792504350225,4896.0,1
MC KEE 1112,0,0,0,8.339523590965413,0.0,8.339523590965413,0.3423792504350225,23902.0,3
MEADOW LANE 2106,0,0,0,4.943653907318995,0.0,4.943653907318995,0.2095731175025464,12758.0,0
MENDOCINO 1101,0,0,0,6.7260364665335235,0.0,6.7260364665335235,0.2870048203027012,3009.0,2
MENLO 1102,0,0,0,7.004444105098992,0.0,7.004444105098992,0.3105459436101542,6846.0,2
MENLO 1103,0,0,0,6.232611649805101,0.0,6.232611649805101,0.3105459436101542,1479.5,2
MERCED FALLS 1102,1,1,0,15.339322349008736,0.0,15.339322349008736,0.2983112331757241,1603.0,4
MESA 1101,0,0,0,6.921806090747656,0.0,6.921806090747656,0.248951649255116,6564.0,2
MESA 1103,0,0,0,8.432783651322106,0.0,8.432783651322106,0.2246706822885058,13501.0,2
MIDDLETOWN 1101,0,0,0,6.184906898708999,0.0,6.184906898708999,0.2680146295665169,3592.5,4
MIDDLETOWN 1102,0,0,0,6.326608310852214,0.0,6.326608310852214,0.2628654620955495,3605.0,3
MIDDLETOWN 1103,0,0,0,5.858090866713322,0.0,5.858090866713322,0.2538321555350423,2056.5,3
MILPITAS 1105,0,0,0,5.51786165978386,0.0,5.51786165978386,0.2782168350347425,5059.0,3
MILPITAS 1108,0,0,0,6.309670936667487,0.0,6.309670936667487,0.2782168350347425,5350.0,2
MILPITAS 1109,0,0,0,5.857037058317561,0.0,5.857037058317561,0.2782168350347425,4869.0,1
MIRABEL 1101,0,0,0,4.352163190567765,0.0,4.352163190567765,0.2043643695312385,4142.0,2
MIRABEL 1102,0,0,0,5.029254264728253,0.0,5.029254264728253,0.213466907056236,3382.0,0
MIWUK 1701,0,0,0,11.568746839266083,0.0,11.568746839266083,0.2656666411003039,2570.0,0
MIWUK 1702,0,0,0,12.02641594759003,0.0,12.02641594759003,0.2656666411003039,2455.0,2
MOLINO 1101,0,0,0,4.9854717863926385,0.0,4.9854717863926385,0.2146864242870259,7233.0,1
MOLINO 1102,0,0,0,4.358055655308803,0.0,4.358055655308803,0.2043643695312385,5243.0,4
MOLINO 1104,0,0,0,5.325323284584918,0.0,5.325323284584918,0.2146864242870259,10766.0,2
MONROE 2103,0,0,0,5.305866896520621,0.0,5.305866896520621,0.2291163977485995,1709.0,3
MONROE 2107,0,0,0,3.7223243388505223,0.0,3.7223243388505223,0.1958922070110017,7320.0,0
MONTE RIO 1111,0,0,0,6.633015450504589,0.0,6.633015450504589,0.2366953916457256,2244.0,4
MONTE RIO 1112,0,0,0,4.4687488697768245,0.0,4.4687488697768245,0.2043643695312385,1696.0,4
MONTE RIO 1113,0,0,0,5.54789879050556,0.0,5.54789879050556,0.231666688288823,3860.0,4
MONTICELLO 1101,0,0,0,4.305036701403264,0.0,4.305036701403264,0.2253546889312736,2478.0,0
MORAGA 1101,0,0,0,3.3876108068249584,0.0,3.3876108068249584,0.1496956108818659,1958.0,4
MORAGA 1102,0,0,0,4.5205369969888824,0.0,4.5205369969888824,0.2015214756618519,8566.0,4
MORAGA 1103,0,0,0,4.417726066659315,0.0,4.417726066659315,0.2015214756618519,6266.0,1
MORAGA 1104,0,0,0,3.667438450032756,0.0,3.667438450032756,0.2015214756618519,6224.0,4
MORAGA 1105,0,0,0,4.744366338469032,0.0,4.744366338469032,0.2015214756618519,8283.0,3
MORGAN HILL 2104,0,0,0,6.029832030518434,0.0,6.029832030518434,0.2590094348382398,12740.0,1
MORGAN HILL 2105,0,0,0,7.398722058799971,0.0,7.398722058799971,0.2590094348382398,4790.0,2
MORGAN HILL 2106,0,0,0,6.143200683399992,0.0,6.143200683399992,0.2590094348382398,5136.0,4
MORGAN HILL 2109,0,0,0,7.088126431510224,0.0,7.088126431510224,0.2590094348382398,14297.0,1
MORGAN HILL 2110,0,0,0,6.3061130736448066,0.0,6.3061130736448066,0.2590094348382398,11671.0,0
MORGAN HILL 2111,0,0,0,8.081311032677567,0.0,8.081311032677567,0.3306278340733424,6516.0,0
MORRO BAY 1101,0,0,0,6.658673779678742,0.0,6.658673779678742,0.211229120188794,10981.0,2
MORRO BAY 1102,0,0,0,6.032163476297023,0.0,6.032163476297023,0.2299406326958248,14088.0,1
MOUNTAIN QUARRIES 2101,1,1,0,13.858289009066846,0.0,13.858289009066846,0.2762067288630574,4141.0,4
NAPA 1102,0,0,0,4.873198729803256,0.0,4.873198729803256,0.180120273870399,8036.0,3
NAPA 1112,0,0,0,5.530946479679345,0.0,5.530946479679345,0.1926266008609071,5485.5,4
NARROWS 2101,1,1,0,14.428732240272158,0.0,14.428732240272158,0.2948765873061975,1967.5,2
NARROWS 2102,0,0,0,13.562251251095525,0.0,13.562251251095525,0.2777006955318791,5932.0,4
NARROWS 2105,0,0,0,11.178252704609044,0.0,11.178252704609044,0.2777006955318791,5090.0,0
NEWBURG 1131,0,0,0,9.545455791552891,0.0,9.545455791552891,0.410685344462549,4625.0,0
NEWBURG 1132,0,0,0,9.634776303404564,0.0,9.634776303404564,0.410685344462549,4725.0,4
NEWBURG 1133,0,0,0,10.060039297927284,0.0,10.060039297927284,0.410685344462549,4910.0,1
NORTH DUBLIN 2101,0,0,0,5.611315817209981,0.0,5.611315817209981,0.227730601560125,5122.0,3
NORTH DUBLIN 2103,0,0,0,5.469679035478343,0.0,5.469679035478343,0.227730601560125,9846.0,3
NOTRE DAME 1103,1,1,0,17.908887135682853,0.0,17.908887135682853,0.353773154364538,2799.0,0
NOTRE DAME 1104,1,1,0,16.337981435990134,0.0,16.337981435990134,0.353773154364538,1246.6666666666667,3
NOVATO 1101,0,0,0,3.8185645349341417,0.0,3.8185645349341417,0.1480808142714946,9307.0,1
NOVATO 1102,0,0,0,4.171788730022017,0.0,4.171788730022017,0.1709155374520868,2587.0,3
NOVATO 1104,0,0,0,3.9942470204913305,0.0,3.9942470204913305,0.1709155374520868,2682.0,2
OAK 0401,0,0,0,4.683675988944211,0.0,4.683675988944211,0.1496956108818659,2737.0,0
OAKHURST 1101,0,0,0,8.594200043951787,0.0,8.594200043951787,0.2619177737927693,2325.0,4
OAKHURST 1102,0,0,0,7.222893373248405,0.0,7.222893373248405,0.260588854858123,2167.5,0
OAKHURST 1103,0,0,0,8.232819325093695,0.0,8.232819325093695,0.260588854858123,2325.0,1
OAKLAND D 1112,0,0,0,3.785730109533102,0.0,3.785730109533102,0.1439444178934331,2001.0,4
OAKLAND D 1134,0,0,0,3.6596650869398015,0.0,3.6596650869398015,0.1439444178934331,488.0,0
OAKLAND J 1102,0,0,0,3.5680332935408976,0.0,3.5680332935408976,0.1439444178934331,6920.0,2
OAKLAND J 1105,0,0,0,4.602383341915621,0.0,4.602383341915621,0.2015214756618519,11183.0,4
OAKLAND J 1106,0,0,0,4.7901461920422195,0.0,4.7901461920422195,0.2015214756618519,9679.0,0
OAKLAND J 1116,0,0,0,3.120115646339898,0.0,3.120115646339898,0.1439444178934331,8452.0,4
OAKLAND J 1118,0,0,0,4.118681875346979,0.0,4.118681875346979,0.2015214756618519,8411.5,1
OAKLAND K 1101,0,0,0,4.426991767249975,0.0,4.426991767249975,0.1439444178934331,6254.0,1
OAKLAND K 1102,0,0,0,3.317944826633819,0.0,3.317944826633819,0.1439444178934331,5621.0,4
OAKLAND K 1103,0,0,0,3.4458669191696165,0.0,3.4458669191696165,0.1439444178934331,4629.666666666667,2
OAKLAND K 1104,0,0,0,4.363677176057634,0.0,4.363677176057634,0.1439444178934331,6194.0,4
OAKLAND X 1101,0,0,0,4.064007351583695,0.0,4.064007351583695,0.1439444178934331,2121.3333333333335,4
OAKLAND X 1104,0,0,0,3.754127514142215,0.0,3.754127514142215,0.1439444178934331,4551.0,1
OAKLAND X 1105,0,0,0,3.490346814461174,0.0,3.490346814461174,0.1439444178934331,5567.0,3
OAKLAND X 1106,0,0,0,4.321588013647051,0.0,4.321588013647051,0.2015214756618519,6199.0,0
OCEANO 1102,0,0,0,7.972231798479535,0.0,7.972231798479535,0.2246706822885058,5987.0,1
OCEANO 1103,0,0,0,6.55038918206671,0.0,6.55038918206671,0.2353061390366815,6856.0,0
OCEANO 1104,0,0,0,6.437497986897655,0.0,6.437497986897655,0.2353061390366815,3755.0,4
OCEANO 1105,0,0,0,7.197986793868521,0.0,7.197986793868521,0.2464505880039955,6619.0,3
OCEANO 1106,0,0,0,6.508711193642772,0.0,6.508711193642772,0.2246706822885058,9519.0,1
OILFIELDS 1103,0,0,0,10.7366019956969,0.0,10.7366019956969,0.3699289820221261,444.7142857142857,4
OILFIELDS 2110,0,0,0,10.9526576649449,0.0,10.9526576649449,0.3467897105162852,3618.0,4
OLEMA 1101,0,0,0,5.029573793619917,0.0,5.029573793619917,0.2088498911430475,1824.0,4
OLETA 1101,1,1,0,16.418386969028802,0.0,16.418386969028802,0.2827965859094257,1578.0,3
OLETA 1102,1,1,0,17.458527892199356,0.0,17.458527892199356,0.2769596838621945,1768.0,1
OREGON TRAIL 1102,0,0,0,7.878012506327802,0.0,7.878012506327802,0.3591363108037372,28098.0,3
OREGON TRAIL 1103,0,0,0,10.90704949649848,0.0,10.90704949649848,0.3465733213370083,3752.0,2
OREGON TRAIL 1104,0,0,0,11.234394981982918,0.0,11.234394981982918,0.3499981930382247,21659.0,4
ORO FINO 1101,0,0,0,13.59594490623664,0.0,13.59594490623664,0.3447426370613786,8501.0,1
OROSI 1102,0,0,0,9.087885211545323,0.0,9.087885211545323,0.3027070003970197,847.3333333333334,2
OTTER 1101,0,0,0,9.604772385022695,0.0,9.604772385022695,0.4107941694754966,737.0,0
OTTER 1102,0,0,0,7.432382904835176,0.0,7.432382904835176,0.3786625635045432,737.0,3
PACIFIC GROVE 0422,0,0,0,5.533331210930209,0.0,5.533331210930209,0.2267773844726798,2533.0,1
PACIFICA 1101,0,0,0,3.5656627876308895,0.0,3.5656627876308895,0.1603146417140505,5561.0,2
PACIFICA 1102,0,0,0,3.377486417308312,0.0,3.377486417308312,0.1603146417140505,7903.0,0
PACIFICA 1103,0,0,0,3.9087618280772047,0.0,3.9087618280772047,0.1603146417140505,6568.0,3
PACIFICA 1104,0,0,0,4.150400708563158,0.0,4.150400708563158,0.1603146417140505,3966.0,0
PALMER 1101,0,0,0,8.39905117349356,0.0,8.39905117349356,0.3198065092034678,2813.0,2
PALO SECO 0401,0,0,0,3.820289957196024,0.0,3.820289957196024,0.1439444178934331,1982.0,4
PANOCHE 1103,0,0,0,8.766226405155143,0.0,8.766226405155143,0.4114883749714276,890.25,2
PANORAMA 1101,0,0,0,8.39419195727227,0.0,8.39419195727227,0.3491185739346266,2789.5,1
PANORAMA 1102,0,0,0,6.9134958031402345,0.0,6.9134958031402345,0.3491185739346266,2789.5,3
PARADISE 1102,1,1,0,15.297773819321591,0.0,15.297773819321591,0.3466124000766292,443.0,2
PARADISE 1103,1,1,0,16.767911222817233,0.0,16.767911222817233,0.3466124000766292,1825.5,1
PARADISE 1104,1,1,0,16.566617940815163,0.0,16.566617940815163,0.3247592105595428,443.0,1
PARADISE 1105,1,1,0,16.650919671531902,0.0,16.650919671531902,0.3447426370613786,1787.0,0
PARADISE 1106,1,1,0,17.02589380697911,0.0,17.02589380697911,0.3466124000766292,1515.0,2
PASO ROBLES 1103,0,0,0,8.614268472224069,0.0,8.614268472224069,0.2582900937971504,1410.75,1
PASO ROBLES 1104,0,0,0,8.093094143629513,0.0,8.093094143629513,0.2582900937971504,1410.75,1
PASO ROBLES 1107,0,0,0,6.873065406536546,0.0,6.873065406536546,0.2619395271884119,5413.0,2
PAUL SWEET 2102,0,0,0,5.440878605349101,0.0,5.440878605349101,0.2299891727424387,12472.0,4
PAUL SWEET 2104,0,0,0,5.409660020253154,0.0,5.409660020253154,0.2299891727424387,7251.0,1
PAUL SWEET 2105,0,0,0,5.803814435089681,0.0,5.803814435089681,0.2299891727424387,15164.0,4
PAUL SWEET 2106,0,0,0,5.778929612282576,0.0,5.778929612282576,0.2348092701356653,5135.0,1
PAUL SWEET 2107,0,0,0,4.096348899041554,0.0,4.096348899041554,0.2299891727424387,8951.0,4
PAUL SWEET 2109,0,0,0,5.464908821344,0.0,5.464908821344,0.2348092701356653,10145.0,3
PEABODY 2106,0,0,0,4.140360335726266,0.0,4.140360335726266,0.174233868265039,12468.0,0
PEABODY 2108,0,0,0,3.839348606753444,0.0,3.839348606753444,0.174233868265039,10170.0,1
PEABODY 2113,0,0,0,3.7851961571959905,0.0,3.7851961571959905,0.174233868265039,6939.0,4
PENNGROVE 1101,0,0,0,4.249814329941209,0.0,4.249814329941209,0.2093371008886297,3180.5,3
PENRYN 1103,1,1,0,17.82655212410212,0.0,17.82655212410212,0.2943202708546338,1905.5,0
PENRYN 1105,1,1,0,16.003786351186523,0.0,16.003786351186523,0.2943202708546338,2748.0,0
PENRYN 1106,1,1,0,18.54499006757488,0.0,18.54499006757488,0.2912228233698059,7431.0,2
PENRYN 1107,1,1,0,13.863208356303524,0.0,13.863208356303524,0.2912228233698059,1905.5,1
PEORIA 1701,0,0,0,12.873946219869572,0.0,12.873946219869572,0.2456797558945157,1541.0,0
PEORIA 1704,0,0,0,13.626535280220594,0.0,13.626535280220594,0.2780579662201609,7253.0,2
PEORIA 1705,1,1,0,14.308032155623506,0.0,14.308032155623506,0.2515361024586542,6498.333333333333,1
PERRY 1101,0,0,0,9.005303351913962,0.0,9.005303351913962,0.2398752202873074,6213.8,2
PERRY 1104,0,0,0,7.590382786961451,0.0,7.590382786961451,0.2523459561463123,528.8,4
PETALUMA C 1108,0,0,0,4.536350118038286,0.0,4.536350118038286,0.1793193144098576,4855.0,3
PETALUMA C 1109,0,0,0,3.9853432834996902,0.0,3.9853432834996902,0.1709155374520868,5187.0,0
PHILO 1101,0,0,0,7.31480171904747,0.0,7.31480171904747,0.3513201382556226,1791.0,3
PHILO 1102,0,0,0,6.8770158315927095,0.0,6.8770158315927095,0.2969175263142403,1791.0,2
PIERCY 2110,0,0,0,8.287857901127065,0.0,8.287857901127065,0.3778839511669999,5435.0,3
PIKE CITY 1101,0,0,0,12.805491415614505,0.0,12.805491415614505,0.2951537437367796,1062.3333333333333,3
PIKE CITY 1102,1,1,0,14.605158458420958,0.0,14.605158458420958,0.2951537437367796,1618.0,2
PINE GROVE 1101,1,1,0,16.748462343072198,0.0,16.748462343072198,0.2783288604046606,4928.0,1
PINE GROVE 1102,1,1,0,13.956501107884382,0.0,13.956501107884382,0.2994782185743033,2004.5,0
PINECREST 0401,1,1,0,14.452329688125053,0.0,14.452329688125053,0.3222984573549889,657.0,1
PIT NO 1 1101,0,0,0,5.825983948524609,0.0,5.825983948524609,0.2765378339373483,802.25,2
PIT NO 3 2101,0,0,0,7.932968201921165,0.0,7.932968201921165,0.2820711394799992,2663.666666666667,4
PIT NO 5 1101,0,0,0,7.108019837158589,0.0,7.108019837158589,0.2960587553979231,2813.333333333333,3
PIT NO 7 1101,0,0,0,6.147865622948968,0.0,6.147865622948968,0.3182725731026815,1115.3333333333333,1
PLACER 1101,1,1,0,13.970096419615258,0.0,13.970096419615258,0.2817032805625278,1121.0,4
PLACER 1102,0,0,0,12.918414569704929,0.0,12.918414569704929,0.2817032805625278,1546.3333333333333,0
PLACER 1103,1,1,0,14.11579276401438,0.0,14.11579276401438,0.2817032805625278,3806.0,1
PLACER 1104,1,1,0,13.819680362505338,0.0,13.819680362505338,0.2817032805625278,1546.3333333333333,1
PLACERVILLE 1109,0,0,0,12.949049775207705,0.0,12.949049775207705,0.2760867842990335,5634.0,3
PLACERVILLE 1110,1,1,0,14.249104890891774,0.0,14.249104890891774,0.2760867842990335,6314.0,3
PLACERVILLE 1111,1,1,0,14.546621290443484,0.0,14.546621290443484,0.2760867842990335,2578.5,0
PLACERVILLE 1112,1,1,0,14.315293446998302,0.0,14.315293446998302,0.2760867842990335,2578.5,1
PLACERVILLE 2106,0,0,0,13.399013270116589,0.0,13.399013270116589,0.2878966625529443,5097.0,1
POINT ARENA 1101,0,0,0,10.157778824010368,0.0,10.157778824010368,0.3818412801165574,2218.0,4
POINT MORETTI 1101,0,0,0,7.228959636132584,0.0,7.228959636132584,0.3315867486782396,4680.0,2
POSO MOUNTAIN 2101,1,1,0,15.725857911189909,0.0,15.725857911189909,0.4505074308001375,1606.0,3
POSO MOUNTAIN 2103,1,1,0,15.34426318055504,0.0,15.34426318055504,0.4514950537733886,5183.0,3
POSO MOUNTAIN 2104,1,1,0,15.604507089178764,0.0,15.604507089178764,0.4514950537733886,681.5,3
POTTER VALLEY P H 1105,0,0,0,5.1470899491185635,0.0,5.1470899491185635,0.2586086399739968,1849.0,0
PRUNEDALE 1110,0,0,0,4.759515706273742,0.0,4.759515706273742,0.1656380134899812,4827.0,3
PUEBLO 1104,0,0,0,4.651947658226978,0.0,4.651947658226978,0.2253546889312736,1354.5,2
PUEBLO 1105,0,0,0,4.7751954356153385,0.0,4.7751954356153385,0.2253546889312736,1354.5,2
PUEBLO 2102,0,0,0,3.8460120431339457,0.0,3.8460120431339457,0.1947479178877182,5786.0,0
PUEBLO 2103,0,0,0,3.780379486850257,0.0,3.780379486850257,0.180120273870399,905.5,2
PUEBLO 2104,0,0,0,4.178953087792233,0.0,4.178953087792233,0.1947479178877182,2350.0,0
PURISIMA 1101,0,0,0,9.72870903794923,0.0,9.72870903794923,0.2873862513608943,9810.0,0
PUTAH CREEK 1102,0,0,0,6.002841264822545,0.0,6.002841264822545,0.277760407311256,693.0,4
PUTAH CREEK 1103,0,0,0,6.119118130305857,0.0,6.119118130305857,0.277760407311256,6571.666666666667,1
PUTAH CREEK 1105,0,0,0,7.362571947034885,0.0,7.362571947034885,0.277760407311256,693.0,2
RACETRACK 1703,1,1,0,17.056797420269582,0.0,17.056797420269582,0.2717700005826873,4276.333333333333,3
RACETRACK 1704,0,0,0,13.362819765741232,0.0,13.362819765741232,0.2515361024586542,996.3333333333334,4
RALSTON 1101,0,0,0,4.950413352795885,0.0,4.950413352795885,0.1777203718296654,5790.0,0
RALSTON 1102,0,0,0,3.9223932482066064,0.0,3.9223932482066064,0.2131989883061476,7261.0,1
RAWSON 1103,0,0,0,10.266528300937257,0.0,10.266528300937257,0.3624097415386391,1167.5,3
RED BLUFF 1101,0,0,0,8.999028027162211,0.0,8.999028027162211,0.3777258369434584,2799.0,3
RED BLUFF 1103,0,0,0,12.10709507676445,0.0,12.10709507676445,0.3624097415386391,2799.0,3
RED BLUFF 1104,0,0,0,8.234894783530969,0.0,8.234894783530969,0.3624097415386391,3775.0,1
RED BLUFF 1105,0,0,0,8.8923113540036,0.0,8.8923113540036,0.3624097415386391,5813.0,4
REDBUD 1101,0,0,0,6.091941381680373,0.0,6.091941381680373,0.298928565946706,2078.0,3
REDBUD 1102,0,0,0,6.596665136063393,0.0,6.596665136063393,0.298928565946706,6916.0,4
REEDLEY 1104,0,0,0,9.134411933931448,0.0,9.134411933931448,0.312553297325423,1190.5,3
REEDLEY 1112,0,0,0,10.779717148192567,0.0,10.779717148192567,0.3277461397908853,10784.0,4
RESEARCH 2102,0,0,0,4.58500343178186,0.0,4.58500343178186,0.2107705791310155,7449.0,0
RESERVATION ROAD 1101,0,0,0,7.054978700003238,0.0,7.054978700003238,0.2718391180043679,3500.0,0
RESERVATION ROAD 1102,0,0,0,6.104651903408117,0.0,6.104651903408117,0.2718391180043679,7468.0,1
RIDGE 0401,0,0,0,4.018677347569202,0.0,4.018677347569202,0.1496956108818659,3745.0,1
RIDGE 0402,0,0,0,4.1441720005245966,0.0,4.1441720005245966,0.1496956108818659,3836.0,3
RINCON 1101,0,0,0,3.5129573644077543,0.0,3.5129573644077543,0.2018746836120796,4146.0,4
RINCON 1102,0,0,0,5.420401225154958,0.0,5.420401225154958,0.2286842710575535,9898.0,4
RINCON 1103,0,0,0,4.846984224848674,0.0,4.846984224848674,0.2018746836120796,6554.0,2
RINCON 1104,0,0,0,4.228704209938423,0.0,4.228704209938423,0.1958922070110017,8979.0,4
RIO DELL 1102,0,0,0,10.418934218316757,0.0,10.418934218316757,0.3756355152069995,5815.666666666667,2
RISING RIVER 1101,0,0,0,6.350075393585176,0.0,6.350075393585176,0.2712291115907247,802.25,4
ROB ROY 2104,0,0,0,5.24618237382846,0.0,5.24618237382846,0.2348092701356653,7305.0,2
ROB ROY 2105,0,0,0,5.6602775837288855,0.0,5.6602775837288855,0.2348092701356653,12676.0,1
ROSSMOOR 1101,0,0,0,4.7327183896068785,0.0,4.7327183896068785,0.2095731175025464,4835.0,0
ROSSMOOR 1102,0,0,0,5.228399424548643,0.0,5.228399424548643,0.2107705791310155,5011.0,0
ROSSMOOR 1103,0,0,0,4.849383054022147,0.0,4.849383054022147,0.2015214756618519,1964.0,0
ROSSMOOR 1104,0,0,0,4.895287257743581,0.0,4.895287257743581,0.2095731175025464,1791.3333333333333,3
ROSSMOOR 1106,0,0,0,4.8659762824391715,0.0,4.8659762824391715,0.2095731175025464,8127.5,2
ROSSMOOR 1107,0,0,0,5.884579808017442,0.0,5.884579808017442,0.1986396584880983,3597.0,0
ROSSMOOR 1108,0,0,0,5.077947937098884,0.0,5.077947937098884,0.2015214756618519,2976.5,4
ROSSMOOR 1109,0,0,0,5.286238142364237,0.0,5.286238142364237,0.2015214756618519,3344.0,2
SALMON CREEK 1101,0,0,0,5.282829532071577,0.0,5.282829532071577,0.1970193143625978,1665.0,0
SALT SPRINGS 2101,1,1,0,15.716472891667248,0.0,15.716472891667248,0.3396820800500114,2271.0,3
SALT SPRINGS 2102,1,0,1,14.934124678353166,0.0,14.934124678353166,0.3150989775759302,379.0,0
SAN ARDO 1101,0,0,0,13.501274969588742,0.0,13.501274969588742,0.4069297966306772,444.7142857142857,3
SAN ARDO 1102,0,0,0,10.145844120101676,0.0,10.145844120101676,0.3081812091159886,444.7142857142857,3
SAN BENITO 2101,0,0,0,4.982275550314177,0.0,4.982275550314177,0.2186911576361511,1682.25,3
SAN BENITO 2104,0,0,0,4.956802782523113,0.0,4.956802782523113,0.1656380134899812,1682.25,2
SAN BERNARD 1101,0,0,0,12.873752191246446,0.0,12.873752191246446,0.377794033448955,701.6,3
SAN CARLOS 1103,0,0,0,5.2348176259579144,0.0,5.2348176259579144,0.2356392185843656,3068.0,4
SAN CARLOS 1104,0,0,0,5.622748181736332,0.0,5.622748181736332,0.2356392185843656,7328.0,4
SAN JOAQUIN #2 1103,0,0,0,8.621905002128317,0.0,8.621905002128317,0.2629684352894622,680.1666666666666,2
SAN JOAQUIN #3 1101,0,0,0,9.144068543541326,0.0,9.144068543541326,0.2668306361783457,680.1666666666666,2
SAN JOAQUIN #3 1102,0,0,0,8.932746917834129,0.0,8.932746917834129,0.2847810489905386,680.1666666666666,2
SAN JOAQUIN #3 1103,0,0,0,9.794193020834186,0.0,9.794193020834186,0.2847810489905386,2250.1666666666665,3
SAN JUSTO 1101,0,0,0,5.576147457221051,0.0,5.576147457221051,0.2186911576361511,1682.25,3
SAN LEANDRO U 1109,0,0,0,3.9412306210135126,0.0,3.9412306210135126,0.1668966065400982,3031.0,2
SAN LEANDRO U 1114,0,0,0,3.749784978674129,0.0,3.749784978674129,0.1668966065400982,8299.0,1
SAN LUIS OBISPO 1101,0,0,0,7.466504471048317,0.0,7.466504471048317,0.2321149690781912,1642.0,0
SAN LUIS OBISPO 1102,0,0,0,7.182268430372178,0.0,7.182268430372178,0.2321149690781912,10749.0,1
SAN LUIS OBISPO 1103,0,0,0,6.864666127623312,0.0,6.864666127623312,0.2353061390366815,1230.0,1
SAN LUIS OBISPO 1104,0,0,0,8.7034277829465,0.0,8.7034277829465,0.2353061390366815,1230.0,1
SAN LUIS OBISPO 1105,0,0,0,6.168967630210125,0.0,6.168967630210125,0.2321149690781912,12262.0,1
SAN LUIS OBISPO 1107,0,0,0,7.918248084085496,0.0,7.918248084085496,0.2464505880039955,4334.0,3
SAN LUIS OBISPO 1108,0,0,0,7.019795627715995,0.0,7.019795627715995,0.2321149690781912,3824.0,3
SAN MIGUEL 1105,0,0,0,8.799012228370064,0.0,8.799012228370064,0.322407393116197,1410.75,2
SAN MIGUEL 1106,0,0,0,11.48937381523335,0.0,11.48937381523335,0.3466170025399421,444.7142857142857,0
SAN MIGUEL 1107,0,0,0,9.288703289809323,0.0,9.288703289809323,0.322407393116197,1620.5,3
SAN RAFAEL 1101,0,0,0,3.2973502899480884,0.0,3.2973502899480884,0.1373643997419741,12018.0,1
SAN RAFAEL 1104,0,0,0,3.789992813238811,0.0,3.789992813238811,0.1373643997419741,7489.0,0
SAN RAFAEL 1105,0,0,0,3.068258334341329,0.0,3.068258334341329,0.1340192451613259,5389.0,3
SAN RAFAEL 1106,0,0,0,4.170472880338879,0.0,4.170472880338879,0.1340192451613259,8645.0,3
SAN RAFAEL 1107,0,0,0,2.836467845051031,0.0,2.836467845051031,0.1340192451613259,6170.0,3
SAN RAFAEL 1108,0,0,0,3.405862049527685,0.0,3.405862049527685,0.1373643997419741,8395.0,0
SAN RAFAEL 1109,0,0,0,4.322003525405295,0.0,4.322003525405295,0.1340192451613259,11842.0,3
SAN RAFAEL 1110,0,0,0,3.9362727388758434,0.0,3.9362727388758434,0.1340192451613259,5820.0,0
SAN RAMON 2101,0,0,0,5.511547324967064,0.0,5.511547324967064,0.240347173025803,19482.0,3
SAN RAMON 2102,0,0,0,4.546247011169373,0.0,4.546247011169373,0.227730601560125,13951.0,0
SAN RAMON 2106,0,0,0,4.560129590341197,0.0,4.560129590341197,0.227730601560125,15802.0,3
SAN RAMON 2107,0,0,0,4.680958315748026,0.0,4.680958315748026,0.2127025941210747,5754.0,1
SAN RAMON 2108,0,0,0,4.668881896314835,0.0,4.668881896314835,0.2107705791310155,16552.0,4
SAN RAMON 2117,0,0,0,4.961418118297206,0.0,4.961418118297206,0.227730601560125,8990.0,0
SAN RAMON 2118,0,0,0,4.649657486280181,0.0,4.649657486280181,0.227730601560125,2774.0,0
SAN RAMON 2119,0,0,0,6.0353053069494065,0.0,6.0353053069494065,0.227730601560125,2165.0,1
SAND CREEK 1103,0,0,0,9.80834526020264,0.0,9.80834526020264,0.297306001314514,2441.0,3
SANTA MARIA 1108,0,0,0,8.598020641887262,0.0,8.598020641887262,0.248951649255116,2887.0,1
SANTA ROSA A 1104,0,0,0,5.743779667493097,0.0,5.743779667493097,0.2291163977485995,4009.0,3
SANTA ROSA A 1107,0,0,0,4.3631761608447865,0.0,4.3631761608447865,0.1958922070110017,2528.0,2
SANTA ROSA A 1108,0,0,0,4.282911576363871,0.0,4.282911576363871,0.1958922070110017,11891.0,4
SANTA ROSA A 1110,0,0,0,5.050727260963791,0.0,5.050727260963791,0.2286842710575535,10478.0,0
SANTA ROSA A 1111,0,0,0,4.221565096724905,0.0,4.221565096724905,0.1958922070110017,6194.5,3
SANTA YNEZ 1101,1,1,0,13.291510103996352,0.0,13.291510103996352,0.4752889959779972,191390.0,0
SANTA YNEZ 1102,1,1,0,14.79178765967308,0.0,14.79178765967308,0.4752889959779972,8022.0,4
SANTA YNEZ 1104,0,0,0,12.20843942919937,0.0,12.20843942919937,0.4752889959779972,1057.3333333333333,0
SARATOGA 1103,0,0,0,9.49960588677579,0.0,9.49960588677579,0.4162760622487171,8891.5,1
SARATOGA 1104,0,0,0,9.97086336675108,0.0,9.97086336675108,0.4162760622487171,3362.5,0
SARATOGA 1105,0,0,0,8.761662802795042,0.0,8.761662802795042,0.3789230960121945,2907.5,2
SARATOGA 1106,0,0,0,8.3553465446079,0.0,8.3553465446079,0.4162760622487171,3362.5,4
SARATOGA 1107,0,0,0,8.868278021314653,0.0,8.868278021314653,0.4162760622487171,2883.0,0
SARATOGA 1115,0,0,0,9.295277074323812,0.0,9.295277074323812,0.3789230960121945,17571.0,0
SAUSALITO 1101,0,0,0,2.6254775060071793,0.0,2.6254775060071793,0.1246935979597421,6257.0,1
SAUSALITO 1102,0,0,0,2.8662903433170377,0.0,2.8662903433170377,0.1246935979597421,4860.5,3
SERRAMONTE 1104,0,0,0,4.104859982704142,0.0,4.104859982704142,0.1603146417140505,26757.0,4
SHADY GLEN 1101,1,1,0,14.938001905740649,0.0,14.938001905740649,0.2732609399817138,3284.5,2
SHADY GLEN 1102,0,0,0,12.756086648276495,0.0,12.756086648276495,0.2732609399817138,566.6,4
SHEPHERD 2111,0,0,0,12.194130140866443,0.0,12.194130140866443,0.2786024959664506,2592.5,4
SHINGLE SPRINGS 1103,1,1,0,14.34048046152522,0.0,14.34048046152522,0.270888052742684,2231.6666666666665,2
SHINGLE SPRINGS 1104,1,1,0,15.571033640004664,0.0,15.571033640004664,0.270888052742684,2231.6666666666665,2
SHINGLE SPRINGS 2105,0,0,0,12.540299148602484,0.0,12.540299148602484,0.270888052742684,17873.0,4
SHINGLE SPRINGS 2108,0,0,0,12.792364531687324,0.0,12.792364531687324,0.270888052742684,6601.0,2
SHINGLE SPRINGS 2109,0,0,0,13.077668188954185,0.0,13.077668188954185,0.2823195895401679,3158.0,1
SHINGLE SPRINGS 2110,1,1,0,15.861381346741132,0.0,15.861381346741132,0.270888052742684,2231.6666666666665,3
SILVERADO 2102,0,0,0,5.54219043142394,0.0,5.54219043142394,0.2453478548641547,2492.0,4
SILVERADO 2103,0,0,0,5.109724153554495,0.0,5.109724153554495,0.2208255926691466,3112.5,3
SILVERADO 2104,0,0,0,5.854770662981,0.0,5.854770662981,0.2195712021497935,2492.0,2
SILVERADO 2105,0,0,0,6.775292754108073,0.0,6.775292754108073,0.2195712021497935,4020.5,1
SISQUOC 1102,0,0,0,9.754907868399693,0.0,9.754907868399693,0.3004675144299098,465.0,1
SISQUOC 1103,0,0,0,8.568760197969553,0.0,8.568760197969553,0.3004675144299098,465.0,4
SMARTVILLE 1101,1,1,0,14.752250692350524,0.0,14.752250692350524,0.2948765873061975,2909.6666666666665,4
SNEATH LANE 1101,0,0,0,4.204912890007376,0.0,4.204912890007376,0.1777203718296654,7558.0,1
SNEATH LANE 1102,0,0,0,5.043761780673347,0.0,5.043761780673347,0.1603146417140505,19638.0,2
SNEATH LANE 1106,0,0,0,4.335394737782636,0.0,4.335394737782636,0.1603146417140505,9232.0,2
SOBRANTE 1101,0,0,0,5.448859980080567,0.0,5.448859980080567,0.2095731175025464,2400.0,1
SOBRANTE 1102,0,0,0,5.092556161665288,0.0,5.092556161665288,0.2095731175025464,2400.0,1
SOBRANTE 1103,0,0,0,3.696026838741047,0.0,3.696026838741047,0.1496956108818659,2400.0,4
SOLEDAD 2101,0,0,0,8.758687393618448,0.0,8.758687393618448,0.3796238031769783,1047.0,4
SOLEDAD 2102,0,0,0,9.679964270750654,0.0,9.679964270750654,0.4314268179081246,730.0,0
SOLEDAD 2104,0,0,0,8.996554670805212,0.0,8.996554670805212,0.37187693048971,18123.0,3
SOLEDAD 2105,0,0,0,7.589266605979163,0.0,7.589266605979163,0.3557404737378214,7235.8,0
SONOMA 1102,0,0,0,4.569289255619099,0.0,4.569289255619099,0.2042392373719348,13175.5,2
SONOMA 1103,0,0,0,3.671462013701017,0.0,3.671462013701017,0.2042392373719348,1247.0,3
SONOMA 1104,0,0,0,5.202018423486532,0.0,5.202018423486532,0.2042392373719348,4013.0,4
SONOMA 1105,0,0,0,3.560099884153546,0.0,3.560099884153546,0.180120273870399,1074.0,0
SONOMA 1106,0,0,0,4.929365547436205,0.0,4.929365547436205,0.2042392373719348,10076.5,3
SONOMA 1107,0,0,0,3.825266846232727,0.0,3.825266846232727,0.2042392373719348,1074.0,0
SPAULDING 1101,1,1,0,15.142132952733272,0.0,15.142132952733272,0.3057956089673279,566.6,4
SPENCE 1102,0,0,0,6.9198167188299164,0.0,6.9198167188299164,0.2683788290890673,1256.8,3
SPENCE 1104,0,0,0,6.557614954192199,0.0,6.557614954192199,0.2683788290890673,1256.8,0
SPRING GAP 1702,1,0,1,16.44474604692367,0.0,16.44474604692367,0.3222984573549889,657.0,2
STAFFORD 1101,0,0,0,4.848645753376103,0.0,4.848645753376103,0.1709155374520868,8254.0,1
STAFFORD 1102,0,0,0,4.245197802849383,0.0,4.245197802849383,0.1480808142714946,7376.0,3
STANISLAUS 1701,1,1,0,16.2830848418542,0.0,16.2830848418542,0.2835120136844423,3214.0,4
STANISLAUS 1702,1,1,0,16.587501321619506,0.0,16.587501321619506,0.2970880943757383,1966.0,2
STELLING 1109,0,0,0,9.487401927585475,0.0,9.487401927585475,0.3789230960121945,10667.0,3
STELLING 1110,0,0,0,8.292163029215772,0.0,8.292163029215772,0.3394009926369153,1479.5,3
STILLWATER 1101,0,0,0,11.818257630982998,0.0,11.818257630982998,0.3591363108037372,5952.0,3
STILLWATER 1102,0,0,0,8.425631996893422,0.0,8.425631996893422,0.3465733213370083,1270.0,3
STONE CORRAL 1108,0,0,0,8.468046370486547,0.0,8.468046370486547,0.3027070003970197,2835.0,2
STONE CORRAL 1110,0,0,0,9.704140029686478,0.0,9.704140029686478,0.3056296720733743,17571.333333333332,4
SUISUN 1104,0,0,0,3.9707035823373023,0.0,3.9707035823373023,0.174233868265039,4599.0,2
SUISUN 1109,0,0,0,4.122723127211603,0.0,4.122723127211603,0.174233868265039,8066.0,2
SUMMIT 1101,0,0,0,13.358410549252088,0.0,13.358410549252088,0.2725982392113664,1068.5,2
SUMMIT 1102,0,0,0,12.342925775452684,0.0,12.342925775452684,0.2557772355899771,29437.5,1
SUNOL 1101,0,0,0,5.194277609643539,0.0,5.194277609643539,0.2403942944545382,4135.5,0
SUNOL 1105,0,0,0,6.0023540886308755,0.0,6.0023540886308755,0.2403942944545382,3480.0,4
SWIFT 2102,0,0,0,9.662240489071404,0.0,9.662240489071404,0.3423792504350225,14639.0,2
SWIFT 2107,0,0,0,7.469457278649462,0.0,7.469457278649462,0.3423792504350225,10578.0,1
SWIFT 2109,0,0,0,8.307306964805433,0.0,8.307306964805433,0.3423792504350225,25471.0,4
SWIFT 2110,0,0,0,7.432550308740093,0.0,7.432550308740093,0.3189067146757364,960.0,4
SYCAMORE CREEK 1109,0,0,0,10.45302388713729,0.0,10.45302388713729,0.353773154364538,3165.5,0
SYCAMORE CREEK 1111,0,0,0,8.762694608403361,0.0,8.762694608403361,0.3518647634365944,1246.6666666666667,0
TAMARACK 1101,0,0,0,12.427185861134417,0.0,12.427185861134417,0.2773629382515505,1068.5,1
TAR FLAT 0401,0,0,0,11.476753192137275,0.0,11.476753192137275,0.2456797558945157,2039.5,0
TAR FLAT 0402,1,1,0,15.548722409880163,0.0,15.548722409880163,0.2611538356272093,5919.5,2
TASSAJARA 2103,0,0,0,4.296243805406426,0.0,4.296243805406426,0.2107705791310155,9344.0,2
TASSAJARA 2104,0,0,0,5.679804936764329,0.0,5.679804936764329,0.240347173025803,2818.0,0
TASSAJARA 2106,0,0,0,5.720411152152496,0.0,5.720411152152496,0.240347173025803,4627.0,4
TASSAJARA 2107,0,0,0,4.6487546636801085,0.0,4.6487546636801085,0.2107705791310155,13925.0,2
TASSAJARA 2108,0,0,0,4.366403495256671,0.0,4.366403495256671,0.2107705791310155,7152.0,3
TASSAJARA 2109,0,0,0,5.119036694024621,0.0,5.119036694024621,0.240347173025803,7506.0,1
TASSAJARA 2112,0,0,0,5.401011288671516,0.0,5.401011288671516,0.240347173025803,6895.0,4
TASSAJARA 2113,0,0,0,5.777511908074776,0.0,5.777511908074776,0.2107705791310155,1380.3333333333333,0
TEJON 1102,1,1,0,14.727242397783094,0.0,14.727242397783094,0.4981136960133472,18794.6,2
TEJON 1103,0,0,0,12.71694577687017,0.0,12.71694577687017,0.377794033448955,3258.6,3
TEMPLETON 2108,0,0,0,8.240743156917409,0.0,8.240743156917409,0.2432701861441749,6731.0,0
TEMPLETON 2111,0,0,0,6.096050608894965,0.0,6.096050608894965,0.2432701861441749,4233.0,3
TEMPLETON 2112,0,0,0,7.76973008076059,0.0,7.76973008076059,0.2432701861441749,6162.75,0
TEMPLETON 2113,0,0,0,6.55367617146665,0.0,6.55367617146665,0.2382183044421203,5566.0,1
TIDEWATER 2106,0,0,0,4.198883338377491,0.0,4.198883338377491,0.2084697265615271,3689.0,3
TIVY VALLEY 1107,0,0,0,11.07251551381382,0.0,11.07251551381382,0.2858982384687719,1323.0,2
TRES PINOS 1111,0,0,0,5.721257975007615,0.0,5.721257975007615,0.2414594934554813,4185.25,1
TULUCAY 1101,0,0,0,3.4137587930764264,0.0,3.4137587930764264,0.1572720691838854,433.6666666666667,4
TYLER 1105,0,0,0,10.025663034849297,0.0,10.025663034849297,0.3893258419578381,1560.6666666666667,3
UKIAH 1111,0,0,0,8.080694869408124,0.0,8.080694869408124,0.3029608122920628,4983.0,1
UKIAH 1113,0,0,0,8.50767437567413,0.0,8.50767437567413,0.3029608122920628,16331.333333333334,0
UKIAH 1114,0,0,0,7.218921383528539,0.0,7.218921383528539,0.3029608122920628,2003.3333333333333,0
UKIAH 1115,0,0,0,8.121307066956206,0.0,8.121307066956206,0.3029608122920628,5393.333333333333,1
UPPER LAKE 1101,0,0,0,7.777813734900509,0.0,7.777813734900509,0.3036284661891196,1642.0,1
VACA DIXON 1101,0,0,0,5.5144650566111455,0.0,5.5144650566111455,0.2204757853923856,1491.6666666666667,3
VACA DIXON 1105,0,0,0,4.642824101227465,0.0,4.642824101227465,0.2204757853923856,2119.5,3
VACAVILLE 1103,0,0,0,3.8837524270603767,0.0,3.8837524270603767,0.174233868265039,9481.0,1
VACAVILLE 1104,0,0,0,4.298427877143941,0.0,4.298427877143941,0.174233868265039,4353.0,3
VACAVILLE 1108,0,0,0,4.979196636329802,0.0,4.979196636329802,0.2204757853923856,1491.6666666666667,1
VACAVILLE 1109,0,0,0,4.497362314135316,0.0,4.497362314135316,0.174233868265039,5999.0,2
VACAVILLE 1111,0,0,0,5.6016699230306175,0.0,5.6016699230306175,0.2204757853923856,4821.0,0
VACAVILLE 1112,0,0,0,5.043374655966061,0.0,5.043374655966061,0.2204757853923856,11193.0,0
VALLEY VIEW 1103,0,0,0,3.964758562383644,0.0,3.964758562383644,0.1496956108818659,17469.0,1
VALLEY VIEW 1105,0,0,0,3.0758495828621144,0.0,3.0758495828621144,0.1496956108818659,4855.0,4
VALLEY VIEW 1106,0,0,0,3.232137098217234,0.0,3.232137098217234,0.1496956108818659,10511.0,3
VASCO 1102,0,0,0,6.032545493416596,0.0,6.032545493416596,0.2128314550756917,2342.6666666666665,0
VASONA 1106,0,0,0,8.935267151638305,0.0,8.935267151638305,0.4162760622487171,4438.0,2
VIEJO 2201,0,0,0,6.523916223582125,0.0,6.523916223582125,0.2267773844726798,808.0,1
VIEJO 2202,0,0,0,5.759783920257406,0.0,5.759783920257406,0.2267773844726798,4445.0,2
VIEJO 2203,0,0,0,6.463051282311387,0.0,6.463051282311387,0.2267773844726798,9976.0,0
VINEYARD 2104,0,0,0,4.757990031284869,0.0,4.757990031284869,0.227730601560125,12361.0,2
VINEYARD 2107,0,0,0,5.409580381435611,0.0,5.409580381435611,0.227730601560125,9617.5,4
VINEYARD 2108,0,0,0,4.8498161833237425,0.0,4.8498161833237425,0.227730601560125,4141.0,0
VINEYARD 2110,0,0,0,5.625146848709623,0.0,5.625146848709623,0.227730601560125,19201.0,1
VOLTA 1101,0,0,0,8.404055317178367,0.0,8.404055317178367,0.3183346760160576,1167.5,1
VOLTA 1102,0,0,0,7.469952040726378,0.0,7.469952040726378,0.3009362526490557,6500.0,3
Valley Springs 1101,1,1,0,15.127506978786895,0.0,15.127506978786895,0.3010087936859595,5691.0,1
Valley Springs 1102,1,1,0,15.167179743623022,0.0,15.167179743623022,0.3024499538851146,4186.0,4
WALDO 0402,0,0,0,3.902098414706407,0.0,3.902098414706407,0.1496956108818659,2376.0,1
WALL 0401,0,0,0,3.0396374830522648,0.0,3.0396374830522648,0.1399765884292803,7839.0,2
WATERSHED 0402,0,0,0,4.831806235088836,0.0,4.831806235088836,0.2131989883061476,4899.0,0
WEIMAR 1101,1,1,0,14.339815961329132,0.0,14.339815961329132,0.2763593126636524,3284.5,4
WEIMAR 1102,1,1,0,14.418186548367776,0.0,14.418186548367776,0.2770129026239901,3315.0,1
WEST POINT 1101,0,0,0,12.699298912206022,0.0,12.699298912206022,0.2848531891965132,2004.5,2
WEST POINT 1102,1,1,0,14.670609249740904,0.0,14.670609249740904,0.2914421815970989,3862.0,3
WESTLEY 1103,0,0,0,9.1004940746209,0.0,9.1004940746209,0.3314239478107988,12404.333333333334,2
WHEATLAND 1104,1,1,0,17.274076415590258,0.0,17.274076415590258,0.3081724366846343,2852.0,0
WHEATLAND 1105,1,1,0,13.845499603426658,0.0,13.845499603426658,0.3081724366846343,3880.333333333333,1
WHITMORE 1101,0,0,0,6.131579357608321,0.0,6.131579357608321,0.2800768901689501,992.5,2
WILDWOOD 1101,0,0,0,8.691527329887279,0.0,8.691527329887279,0.3405930212434234,692.8,1
WILLITS 1102,0,0,0,5.37674149409435,0.0,5.37674149409435,0.2455043757787872,6386.0,4
WILLITS 1103,0,0,0,6.577505070400997,0.0,6.577505070400997,0.2682591426896218,6057.5,1
WILLITS 1104,0,0,0,8.868341613291955,0.0,8.868341613291955,0.2455043757787872,1529.5,0
WILLOW CREEK 1101,0,0,0,9.477384153574176,0.0,9.477384153574176,0.3767933440448937,971.3333333333334,2
WILLOW CREEK 1102,0,0,0,6.7657698218307285,0.0,6.7657698218307285,0.3767933440448937,971.3333333333334,4
WILLOW CREEK 1103,0,0,0,7.3115420436973535,0.0,7.3115420436973535,0.3423251816197856,2014.0,0
WILLOW PASS 2108,0,0,0,4.2241877459717205,0.0,4.2241877459717205,0.2084697265615271,9199.0,4
WINDSOR 1103,0,0,0,4.616974677322315,0.0,4.616974677322315,0.213466907056236,7670.0,1
WISE 1101,0,0,0,13.521379208690549,0.0,13.521379208690549,0.2943202708546338,2973.0,4
WISE 1102,1,1,0,17.422778774717433,0.0,17.422778774717433,0.2943202708546338,2955.5,4
WISHON 1101,0,0,0,7.899669986730467,0.0,7.899669986730467,0.2789622316604826,2592.5,2
WOOD 0401,0,0,0,3.5358029533213564,0.0,3.5358029533213564,0.1439444178934331,3892.3333333333335,1
WOODACRE 1101,0,0,0,3.915350482301171,0.0,3.915350482301171,0.1751809815987771,5517.5,2
WOODACRE 1102,0,0,0,2.6317035720487874,0.0,2.6317035720487874,0.1480808142714946,3164.0,3
WOODSIDE 1101,0,0,0,6.364947296091364,0.0,6.364947296091364,0.2356392185843656,1567.0,0
WOODSIDE 1102,0,0,0,4.999986917960444,0.0,4.999986917960444,0.2356392185843656,9436.0,1
WOODSIDE 1104,0,0,0,5.123782310608049,0.0,5.123782310608049,0.2356392185843656,4326.0,3
WOODWARD 2108,0,0,0,8.698562682160894,0.0,8.698562682160894,0.2800232786485468,680.1666666666666,3
WYANDOTTE 1102,1,1,0,17.17313009004205,0.0,17.17313009004205,0.3203601753187659,2504.0,4
WYANDOTTE 1103,1,1,0,17.89382712597766,0.0,17.89382712597766,0.3152071990078412,888.75,1
WYANDOTTE 1105,1,1,0,14.27811693751909,0.0,14.27811693751909,0.3282219995199443,2504.0,4
WYANDOTTE 1106,1,1,0,17.273412777042125,0.0,17.273412777042125,0.3249319545762522,2535.5,0
WYANDOTTE 1107,0,0,0,12.251786536060337,0.0,12.251786536060337,0.3076571152560832,2474.0,2
WYANDOTTE 1109,1,1,0,16.026881086246963,0.0,16.026881086246963,0.3203601753187659,4352.0,0
WYANDOTTE 1110,1,1,0,16.246483797876337,0.0,16.246483797876337,0.3203601753187659,8555.0,4
ZACA 1101,0,0,0,12.376464656127125,0.0,12.376464656127125,0.4152304331968727,1057.3333333333333,3
ZACA 1102,0,0,0,12.823271942261542,0.0,12.823271942261542,0.4152304331968727,1057.3333333333333,3
